672687
971186
970951
970750
970814
970671
971029
971296
970801
971221
971050
971133
971253
970915
970631
976361
975313
975485
975511
975567
975649
975474
975281
975514
975608
975419
975373
975291
975278
975332
975008
975092
975342
975200
975326
975568
975502
975405
975299
975351
975592
976084
975576
975789
975530
975404
975475
975687
975610
976026
975720
975486
975691
975662
975890
975462
975972
976029
976270
976350
976201
976156
976126
975945
975993
976208
975925
975850
975524
975833
975834
975794
975711
975795
975784
975818
975866
975973
975820
975813
976035
975980
975737
975743
975602
975735
975458
975605
975575
975736
975495
976207
976534
976054
975636
975400
975483
975580
976063
975878
