279997
3226621
3226609
3225657
3234857
3243257
3242370
3241307
3241217
3241229
3243394
3242362
3241233
3241610
3240652
3241712
3241294
3243228
3242398
3241793
3242756
3242789
3243155
3242729
3243222
3242802
3241621
3241597
3242437
3242090
3242927
3243928
3244587
3244877
3244854
3243804
3243973
3244742
3243822
3243801
3243266
3243959
3244134
3243166
3242068
3242561
3242357
3242524
3242294
3242858
3242543
3242934
3242128
3241510
3242343
3241521
3242708
3242687
3243470
3243754
3243419
3241501
3242491
3243550
3242597
3240617
3240427
3240975
3240588
3241822
3241475
3241750
3241496
3243377
3243328
3243616
3242542
3241958
3243460
3241592
3242406
3242459
3242947
3240912
3241083
3241598
3240882
3240670
3241685
3242526
3242598
3242641
3242113
3242638
3242729
3242754
3243192
3243822
3243922
3243158
