554937
2978490
2979358
2978971
2983432
2995169
2995185
2994953
2995369
2994757
2993313
2994729
2995477
2992859
2992603
2993003
2992007
2994297
2993311
2993481
2993525
2992389
2991101
2991559
2991815
2991569
2991545
2992335
2992933
2992189
2993292
2992383
2992407
2992485
2992773
2993033
2992632
2992902
2994302
2994484
2992781
2993169
2992569
2992717
2993392
2993637
2993325
2993803
2993254
2993539
2992397
2992773
2992839
2993303
2992393
2992593
2993904
2993621
2993059
2992661
2992665
2992393
2991783
2992637
2992781
2993133
2993427
2993195
2992367
2993005
2992129
2993669
2993678
2993811
2993465
2994749
2994756
2994455
2993315
2993183
2993553
2995197
2993349
2992713
2992317
2992320
2993778
2993019
2993439
2993050
2992990
2992583
2992701
2992971
2992470
2994165
2994771
2994133
2993763
2995019
