3222741
3255331
3255790
3253559
3270232
3271907
3273604
3272936
3273401
3273790
3274085
3272643
3273523
3273663
3273885
3274429
3275072
3276196
3277028
3276144
3276165
3277276
3276425
3275808
3276343
3276326
3276537
3275897
3276891
3276185
3276623
3276803
3276912
3277614
3277043
3276337
3275648
3275313
3272680
3272278
3271914
3272298
3273342
3273768
3273505
3273645
3272792
3272510
3272649
3273007
3273501
3273006
3272981
3272686
3272740
3273238
3272152
3270531
3272143
3273557
3274947
3275087
3274313
3271969
3272319
3273699
3272565
3271978
3270725
3272218
3271593
3272578
3273712
3272869
3272725
3272663
3272826
3273944
3273668
3274014
3272036
3273282
3272846
3273736
3274682
3274453
3274336
3275800
3275368
3273716
3273537
3273750
3274259
3273934
3275032
3274612
3275697
3274102
3273879
3274245
