3973564
3969568
3970065
3977259
3988446
3988908
3988542
3987981
3988910
3988518
3990043
3990245
3990468
3990568
3989967
3988739
3987997
3989189
3986983
3986215
3987058
3988153
3987365
3988014
3986779
3987037
3985692
3985889
3985526
3985419
3986628
3987518
3986381
3987282
3986018
3987085
3985801
3985764
3987678
3988822
3986148
3988168
3988222
3987154
3989172
3988521
3987169
3989033
3987298
3987253
3987212
3987453
3987343
3986187
3987872
3987498
3987023
3986954
3986805
3987950
3987436
3988041
3987226
3987427
3986825
3986451
3987333
3987645
3986566
3986079
3986234
3986691
3986342
3985757
3987577
3986668
3988263
3987832
3986506
3986373
3983999
3982041
3984827
3983769
3983138
3984446
3982533
3983050
3984541
3985237
3984193
3984383
3983061
3983891
3983718
3985626
3985222
3984939
3985069
3986340
