480111
1999232
1998886
1998774
1999202
1998837
1998574
2008600
2009755
2009772
2009632
2009604
2009525
2009766
2008920
2009008
2009674
2010111
2009995
2009836
2009787
2009692
2009744
2009360
2010049
2009912
2009976
2009383
2009968
2010445
2010884
2010398
2009793
2009850
2010415
2010737
2011135
2010802
2011353
2010561
2010799
2010770
2010330
2010976
2011139
2011493
2010118
2010236
2010691
2011036
2011180
2011160
2011188
2011612
2011105
2010684
2010808
2011386
2010710
2010403
2010595
2010175
2010727
2010894
2010137
2010217
2010288
2009971
2010341
2010106
2010356
2010041
2010320
2009837
2009851
2010516
2009380
2009740
2010023
2009962
2011328
2011363
2011227
2011084
2011386
2012326
2010380
2010598
2010759
2010648
2010792
2011090
2012089
2011784
2011631
2011521
2010564
2011792
2010916
2011642
