533194
3495089
3496109
3496423
3512059
3512214
3513237
3512410
3512259
3512450
3512890
3513023
3514345
3516523
3516684
3518531
3518311
3516810
3517206
3516110
3516536
3516083
3516067
3516799
3516654
3518021
3517679
3516744
3517088
3517315
3516983
3516604
3516769
3517400
3519127
3518984
3519159
3518042
3516721
3518417
3516806
3516834
3517416
3517095
3517284
3518070
3518380
3518659
3517065
3517121
3518196
3518754
3518976
3518599
3518029
3517390
3516715
3517210
3517843
3517652
3517079
3518254
3518817
3516338
3516330
3516601
3516413
3517000
3517279
3518473
3518212
3516746
3516414
3514808
3514732
3513983
3514010
3515423
3514887
3515863
3515824
3515405
3515403
3515808
3515039
3514061
3514918
3514516
3515674
3515769
3515702
3514312
3514071
3516717
3516833
3514400
3514702
3514817
3515337
3515419
