1230547
1229304
1229613
1229143
1228949
1229277
1229368
1229362
1229006
1229302
1229052
1235962
1235840
1236107
1235590
1235428
1235470
1235448
1235799
1235834
1235519
1235560
1235747
1235534
1235783
1236061
1236112
1235598
1235561
1236329
1236150
1236015
1235770
1236138
1236238
1235982
1235673
1235595
1235633
1235862
1236364
1236147
1235835
1236219
1236034
1236328
1236080
1236284
1236513
1236439
1236284
1235957
1236292
1235885
1235983
1235703
1235740
1235379
1235513
1235924
1235836
1235983
1235855
1235965
1236085
1235744
1235736
1236108
1235961
1236269
1236460
1236110
1236047
1236467
1236536
1235960
1236260
1235930
1236242
1235779
1235690
1235582
1235720
1235652
1235608
1235820
1235666
1236127
1235949
1236252
1236031
1235890
1235709
1235702
1235912
1236191
1236149
1236223
1235891
1235775
