246023
2220845
2220570
2220659
2220495
2220547
2227094
2231161
2230997
2231265
2231703
2231039
2231503
2231883
2232026
2232478
2232767
2232239
2232622
2232246
2231987
2232011
2231573
2231781
2231615
2231821
2231917
2231931
2233313
2232242
2231427
2231619
2231285
2231935
2232329
2232255
2231702
2231751
2231301
2231119
2231673
2231375
2231402
2231981
2230611
2230907
2230649
2231061
2230505
2231347
2230345
2230503
2230409
2230889
2230683
2230285
2230423
2229380
2230321
2229777
2230135
2230503
2230797
2230679
2230869
2231195
2230768
2231605
2231099
2230443
2230607
2230755
2230451
2231163
2231487
2231181
2230863
2231183
2231498
2231179
2231017
2231859
2231875
2231373
2231970
2233024
2231577
2231386
2231175
2231267
2231729
2230448
2230911
2230947
2230477
2231011
2231117
2231417
2231899
2231629
