375175
1004846
1005115
1004759
1004672
1004756
1004760
1005000
1004846
1004491
1004538
1005008
1005002
1004867
1010535
1010483
1010030
1010127
1010300
1009967
1009910
1010128
1009955
1010158
1010067
1010163
1010074
1009992
1010554
1010460
1010157
1010196
1010036
1009790
1009555
1009660
1009748
1010082
1009948
1009748
1009953
1010218
1009928
1009842
1010290
1010477
1010279
1010226
1010126
1010229
1009898
1010079
1009958
1009386
1009415
1009710
1009752
1009910
1009803
1009833
1009740
1009630
1009949
1009774
1009899
1010227
1010207
1010127
1010124
1009952
1010220
1010107
1009952
1009914
1009839
1009827
1010074
1009949
1009831
1009838
1009634
1009659
1009848
1010047
1009782
1009968
1009440
1009991
1009736
1009366
1009688
1009926
1009916
1010059
1009925
1009729
1009603
1009324
1009751
1010052
