1128650
1988219
1988447
1988011
1988522
1988644
1988312
1995851
1998791
1998533
1999033
1999067
1998119
1998577
1999367
2000179
1999917
1999739
1999320
1999483
1999506
1999440
1998969
1998721
1999706
1998863
1998477
1999172
1998409
1998240
1997971
1998918
1999009
1998444
1998818
1999736
1999113
1999191
1999401
1999683
1999491
1998623
1998280
1998614
1998142
1998213
1998601
1998725
1997846
1997656
1997539
1998123
1998693
1998482
1998666
1998017
1997319
1997308
1998212
1998657
1997945
1997972
1997885
1997779
1998644
1998772
1998570
1998231
1998351
1997759
1997532
1997881
1997516
1998551
1998496
1998464
1997828
1998075
1997888
1997523
1997972
1998116
1998103
1997993
1998399
1997779
1998019
1998814
1998245
1999244
1998655
1998135
1998407
1998033
1998303
1998622
1998550
1998163
1998091
1998469
