1729487
1725288
1725379
1725048
1724794
1725978
1726369
1726103
1732746
1733723
1733863
1734058
1734534
1734101
1734061
1734076
1734664
1733300
1733354
1733732
1733886
1733376
1732816
1732600
1732979
1733202
1733750
1733730
1734751
1734078
1734282
1734272
1734040
1733898
1733563
1733817
1734279
1733529
1734397
1734048
1734094
1733780
1734164
1733927
1733870
1734394
1733940
1733827
1734016
1733573
1733614
1733737
1733909
1734617
1734386
1734294
1734603
1734559
1734872
1735049
1735150
1735156
1734385
1734156
1734745
1735441
1734780
1734788
1733916
1733794
1734140
1733487
1733882
1734604
1734018
1733852
1733965
1734004
1734616
1734398
1733964
1733865
1734272
1734094
1734050
1734041
1734391
1733770
1734391
1734417
1733993
1734320
1734243
1733741
1733948
1734009
1733756
1733625
1733756
1733500
