2476767
2501600
2501022
2500931
2500801
2505373
2514782
2514347
2514223
2514576
2513960
2514203
2514285
2515698
2514844
2513546
2514754
2514930
2515032
2514755
2514082
2514418
2514318
2515113
2515310
2515320
2514605
2514312
2514027
2514591
2514104
2514191
2514724
2514756
2515340
2515674
2515151
2514659
2513918
2514499
2515132
2514528
2514534
2514802
2514342
2514619
2514121
2513951
2515169
2515981
2514817
2514671
2515703
2515491
2514750
2514262
2514492
2514563
2514950
2514583
2515811
2516506
2515191
2515013
2514821
2514872
2515484
2514741
2515123
2515148
2515127
2514683
2515100
2515348
2514818
2515839
2514952
2515256
2515606
2515445
2515148
2514645
2514894
2514703
2514159
2514320
2514713
2515547
2516055
2515540
2515104
2514828
2515257
2515202
2514350
2514216
2515089
2515005
2514629
2513796
