603494
1014049
1014528
1014518
1014417
1014054
1014185
1014139
1013891
1013769
1014322
1014249
1013853
1014146
1019637
1019332
1019125
1019230
1019439
1019322
1019021
1019459
1019485
1019124
1019589
1019267
1019105
1019205
1019209
1019320
1019197
1019534
1019537
1019446
1019733
1019739
1019332
1019309
1019442
1019327
1018972
1019066
1018793
1019048
1019313
1019444
1019142
1018844
1018926
1019265
1019235
1018823
1019261
1019231
1018993
1018982
1018764
1018969
1018652
1018646
1018644
1018704
1018798
1018726
1019210
1019010
1018944
1018917
1019134
1019209
1019667
1019542
1019285
1019213
1019250
1019195
1018870
1018866
1018855
1018804
1018646
1018688
1018834
1018966
1019211
1018906
1019212
1018813
1018908
1018722
1018782
1019132
1018920
1019199
1019024
1018870
1018687
1018963
1019041
1018714
