2224539
2245495
2245408
2245473
2245241
2245460
2253002
2256950
2256929
2256676
2257177
2257686
2257945
2257829
2257606
2258012
2258039
2257132
2256906
2257396
2257526
2258840
2258064
2257789
2258096
2257944
2257192
2258257
2256793
2256807
2257927
2257955
2257145
2257488
2257505
2258336
2258130
2258453
2258386
2258144
2257418
2257535
2257337
2256893
2256882
2257295
2257136
2256962
2256751
2257152
2257298
2257778
2258420
2258782
2257773
2258101
2258780
2258008
2257966
2257793
2258448
2258862
2258212
2258479
2258558
2258205
2258241
2258415
2259168
2259140
2258725
2258140
2259135
2258576
2258613
2257975
2257392
2256950
2257158
2257216
2257339
2256608
2257192
2257670
2257144
2257629
2256960
2257231
2257570
2257221
2257433
2257626
2257030
2257798
2257712
2257820
2258379
2258384
2258445
2258558
