989949
3004832
3005516
3005317
3009327
3021285
3021839
3020669
3021506
3021513
3020313
3021205
3020897
3021037
3020375
3020647
3021213
3019922
3019257
3019593
3020664
3021438
3021428
3020166
3019651
3019696
3020474
3020236
3020920
3021066
3020416
3020561
3021203
3020652
3021317
3020581
3019422
3019242
3019366
3020398
3020505
3020033
3020792
3021204
3021081
3021412
3021715
3021227
3022056
3021042
3021921
3020727
3021458
3021492
3020924
3020634
3020697
3021730
3021567
3021721
3021936
3021952
3022172
3021717
3021820
3019543
3020623
3019570
3020195
3020471
3020698
3020555
3020851
3020677
3020403
3019354
3020407
3019915
3019784
3020063
3019822
3019641
3019777
3019779
3018778
3018012
3017432
3016925
3016893
3018172
3017899
3017061
3018178
3018072
3018523
3020107
3019992
3020367
3021000
3019771
