50782
56484
56476
33677
56476
56484
56504
56504
56480
56488
56516
56532
56524
56516
56496
56496
56488
56524
56512
56492
56512
56488
56488
56504
56504
56492
56468
56476
56500
56496
56480
56488
56476
56488
56500
56468
56464
56468
56488
56484
56460
56472
56484
56488
56472
56480
56460
56468
56472
56472
56480
56472
56484
56488
56492
56508
56496
56504
56492
56484
56472
56476
56480
56488
56476
56484
56492
56476
56492
56504
56492
56484
56504
56468
56448
56460
56452
56476
56500
56488
56456
56452
56456
56444
56432
56428
56428
56424
56428
56428
56420
56404
56392
56416
56420
56428
56420
56428
56440
56456
