650337
1706334
1706539
1706391
1705905
1706199
1706769
1706228
1712597
1715410
1715517
1715255
1715143
1714876
1714776
1714238
1715378
1715707
1715279
1715005
1714987
1715003
1715156
1715123
1714734
1714808
1715481
1715710
1715799
1715724
1715320
1715238
1715531
1715330
1715418
1715697
1715037
1714966
1715314
1715121
1715001
1715215
1715983
1716078
1715985
1716041
1716567
1715759
1715839
1715554
1715089
1715342
1715214
1715314
1715135
1715619
1715135
1714541
1714681
1715187
1714594
1714661
1714847
1714624
1714346
1714240
1714071
1712874
1713100
1713672
1713891
1714153
1714277
1713989
1713826
1714301
1714271
1714908
1714431
1715005
1715403
1715630
1714946
1715027
1715230
1715339
1715547
1715295
1715166
1715609
1715531
1715252
1715755
1715883
1716343
1715702
1715893
1715962
1715821
1715555
