1732645
1773140
1772091
1771685
1771233
1772546
1772828
1778179
1783497
1783073
1782522
1782638
1782625
1782436
1782778
1782201
1782393
1782051
1781911
1782157
1782345
1782747
1782500
1782539
1782055
1782313
1782434
1782624
1782912
1782623
1782549
1783388
1782610
1782258
1782828
1782902
1783587
1783783
1784228
1784100
1784201
1783505
1783326
1783317
1783254
1783532
1783025
1782733
1782890
1783398
1783234
1782709
1782624
1783027
1782855
1782881
1783577
1783062
1783172
1783323
1783593
1784222
1784174
1783641
1783280
1783445
1783051
1783026
1783059
1783729
1783577
1784144
1784282
1783809
1783402
1784405
1783654
1783355
1783645
1783348
1783732
1783589
1782685
1782818
1783185
1783607
1783526
1782863
1783278
1784240
1783739
1784255
1784222
1783771
1783599
1783646
1783276
1783172
1783207
1783054
