62576
224544
224468
224508
224504
224492
224544
224536
224560
224604
224612
224508
224620
224608
224608
224648
224584
224680
224736
224648
224612
224656
224640
224584
224596
224600
224604
224500
224524
224500
224484
224552
224548
224528
224552
224632
224584
224520
224604
224580
224576
224564
224604
224560
224560
224596
224520
224476
224564
224524
224460
224628
224696
224644
224556
224524
224532
224588
224516
224632
224656
224604
224596
226128
225760
225752
225764
225776
225700
225836
225804
225744
225692
225736
225704
225688
225724
225784
225732
225768
225660
225700
225708
225712
225716
225852
225796
225732
225696
225732
225688
225712
225728
225712
225688
225728
225732
225732
225724
225744
