285039
2723742
2723878
2723733
2723963
2734323
2738562
2737910
2738018
2737116
2737215
2737330
2737597
2737440
2737320
2737039
2736779
2736716
2736325
2737410
2738587
2737525
2737101
2737050
2737098
2738149
2737778
2737091
2736498
2737027
2737187
2738989
2737657
2736926
2737485
2737780
2739215
2738747
2738040
2738353
2739595
2737779
2737333
2737265
2737389
2738285
2737390
2737263
2737559
2737871
2738055
2738338
2737428
2737773
2737443
2736609
2736674
2736488
2736621
2737197
2737211
2736995
2737669
2737586
2737342
2737879
2738253
2737097
2737307
2737373
2738120
2738282
2737702
2738013
2739038
2739041
2739377
2738919
2738406
2738795
2738434
2738837
2739316
2739761
2739511
2739521
2738633
2737888
2739635
2739788
2740149
2738275
2738101
2738361
2739265
2738956
2738201
2738330
2738129
2737995
