52604
3733780
3732186
3735102
3756568
3755146
3756178
3756024
3755638
3756086
3756337
3756415
3756035
3756634
3758188
3757293
3756388
3757831
3756815
3755836
3756295
3756621
3757687
3756156
3754999
3756007
3754768
3756373
3756339
3754966
3754615
3756746
3755410
3755556
3756427
3755541
3755258
3754499
3754698
3755745
3755941
3755185
3755297
3755704
3755779
3757487
3756539
3756563
3754573
3755558
3756250
3755303
3755309
3754757
3755045
3755739
3755221
3755002
3754949
3755775
3756686
3756973
3755251
3755327
3754050
3755139
3757131
3757463
3757489
3758394
3756528
3755464
3757420
3756920
3757238
3756003
3756325
3756225
3757003
3755342
3756720
3755996
3756793
3756058
3755799
3754622
3754139
3755786
3754022
3755400
3755879
3755575
3755783
3755587
3755010
3756122
3754683
3753726
3752648
3752836
