569044
4002878
4002897
4011665
3962495
3961532
3961264
3961232
3960803
3961079
3960790
3962592
3962854
3962934
3962586
3963053
3963614
3962520
3960974
3961630
3962570
3962817
3962905
3960803
3961846
3963009
3963293
3962956
3963181
3963768
3961894
3960821
3962026
3964425
3962226
3961458
3960700
3960101
3961082
3960720
3961074
3963544
3963213
3959975
3959800
3961225
3961316
3960481
3960092
3960992
3960179
3961449
3960663
3961527
3962093
3960476
3960114
3961805
3960480
3960418
3961461
3961464
3960358
3961134
3960781
3961468
3961515
3961721
3961634
3962102
3962758
3961577
3961790
3960843
3961254
3960848
3960517
3960549
3959706
3961023
3961959
3961224
3960861
3960284
3961371
3961868
3962783
3964131
3964398
3963347
3962758
3963489
3960877
3960630
3961651
3961840
3962329
3961095
3961154
3962141
