137792
3450013
3448532
3449260
3463777
3467602
3467626
3467227
3468852
3467684
3469167
3469586
3469824
3470594
3467890
3468883
3470435
3470462
3469916
3468474
3469451
3468991
3469440
3469411
3469034
3469146
3470280
3468975
3470239
3470318
3470572
3469615
3468761
3469208
3469612
3469512
3469729
3468953
3468919
3468971
3469390
3469184
3468732
3469756
3469971
3469659
3469165
3469358
3468857
3468613
3469455
3469475
3469310
3470212
3469825
3470759
3470244
3469873
3470761
3471491
3472072
3470964
3471048
3470441
3471220
3470742
3469793
3470026
3468613
3469260
3469032
3469230
3468590
3471036
3469426
3470193
3470437
3470313
3469983
3470690
3471085
3471744
3471870
3471424
3470815
3469906
3470159
3470110
3471137
3471680
3470567
3470227
3470345
3469733
3470683
3469093
3468612
3468668
3471061
3471882
