1231623
1227082
1226931
1227082
1226859
1227035
1226922
1226765
1226863
1226626
1226823
1230361
1233578
1233273
1233140
1233263
1233094
1233557
1233588
1232911
1233825
1233545
1233585
1233159
1233210
1233426
1233534
1233114
1232939
1233563
1233658
1233692
1233672
1233618
1233347
1233541
1233336
1233500
1233357
1233685
1233692
1233908
1233861
1233814
1233670
1233574
1233464
1233595
1232968
1232991
1233256
1233735
1233392
1233213
1233856
1233847
1233758
1234231
1234347
1233647
1233673
1233486
1233900
1233746
1233819
1233341
1233887
1233785
1234140
1234092
1233838
1234057
1234186
1233827
1234052
1233834
1233544
1233684
1233672
1233343
1233319
1233699
1234322
1233716
1234033
1234088
1234062
1233772
1234088
1234031
1233927
1233717
1233502
1233603
1233585
1233469
1233617
1233220
1233672
1233776
