540073
3002508
3002504
3002615
3005788
3018428
3018871
3019319
3018441
3019956
3020028
3018776
3018128
3019064
3019471
3019372
3019482
3018460
3020226
3019661
3018665
3019668
3020351
3019442
3019430
3020208
3019672
3020245
3020764
3020515
3019899
3019766
3019903
3019870
3020068
3019373
3020088
3019075
3020519
3020941
3020811
3021358
3020345
3020637
3019899
3019590
3020460
3019206
3020543
3018973
3019847
3020408
3019225
3019386
3020515
3019214
3019541
3019220
3019328
3018256
3018480
3018668
3018496
3019400
3018945
3018825
3018844
3018759
3018303
3019364
3019184
3020429
3019620
3020868
3020334
3020731
3019376
3018457
3018990
3019565
3019182
3019269
3019430
3018900
3018908
3018733
3018534
3019828
3018569
3019250
3018359
3018804
3018923
3018905
3018828
3019335
3019004
3019151
3018418
3017641
