572396
2014369
2013852
2013732
2013407
2013161
2013441
2023156
2024033
2023614
2023731
2023982
2023350
2023130
2023343
2024132
2024070
2023802
2024246
2023873
2023507
2023825
2023473
2023778
2023939
2023813
2024011
2023421
2023331
2024211
2024015
2023589
2023632
2023297
2022862
2023332
2023220
2024051
2023973
2023559
2024626
2024399
2024493
2024210
2024240
2024340
2024778
2024450
2023688
2024094
2024349
2023347
2023318
2023308
2022266
2023280
2023027
2022996
2023066
2023571
2024382
2025063
2024759
2024853
2025324
2024584
2023982
2023688
2023824
2023640
2023563
2023532
2024418
2023820
2023457
2023830
2023147
2023964
2023994
2024095
2023952
2024420
2024954
2025191
2024674
2024280
2024216
2024159
2024383
2024024
2024489
2024517
2024927
2024618
2024252
2024412
2024992
2025580
2024449
2023984
