301592
755688
755796
756040
756077
756179
756061
755507
755792
755756
755601
755732
755656
756206
756294
756116
756171
755876
759632
759928
759888
759849
759877
760114
760080
759931
760107
760262
759929
759949
760005
760083
759997
759987
759852
760274
760257
760304
760289
759946
759824
759837
759976
759658
759630
759979
760393
760129
759729
759607
759885
759657
759978
759744
759904
759686
759746
759729
759731
759729
759640
759728
760108
760165
759904
760108
760106
760199
760004
760068
760024
760026
760329
760308
760415
760123
760009
760005
760067
759840
759925
759970
759979
759855
759841
759845
759591
759840
759852
759762
759757
759916
759905
760014
760210
759977
760364
760248
760321
760240
