218883
2997894
2999354
2999375
3003916
3014892
3014641
3014906
3013915
3013550
3014068
3014423
3014513
3013595
3013306
3013585
3013150
3013968
3013692
3013488
3013764
3014350
3014730
3014985
3015466
3015359
3016781
3016069
3015548
3016578
3017768
3017083
3016600
3016353
3016517
3016915
3016556
3017660
3017210
3018098
3017618
3017482
3018579
3017513
3016751
3017621
3015806
3016544
3016456
3016551
3016765
3016299
3015672
3016633
3016010
3015714
3015458
3016131
3017198
3016882
3017315
3016181
3015793
3017424
3018832
3017792
3018727
3018262
3018377
3018246
3017953
3018003
3017571
3016417
3016980
3018061
3017334
3017804
3018818
3017974
3018158
3017561
3017854
3018359
3018805
3018675
3019208
3018976
3018942
3016693
3017650
3017200
3016672
3016017
3016296
3017463
3017714
3017946
3017300
3016569
