620516
746330
746454
746211
746378
746662
746531
746639
746714
746530
746564
746806
746574
746439
746528
746228
746418
746562
746675
748646
750156
750166
750357
750361
750517
755711
755691
750792
750354
750321
750320
750225
750654
750172
750105
750069
750206
750108
750096
749900
749784
749909
749977
750181
749924
750169
750036
750014
750185
750148
750212
750045
750222
750125
750049
750180
750039
750125
750149
750168
750129
749920
750204
750113
749993
750148
750120
750088
750277
750224
750034
750067
750220
749872
749977
749962
750008
750197
750105
749996
750027
749812
749961
749710
749937
750125
750112
750142
750065
750252
750080
750234
750270
750106
750245
750051
749977
749880
750113
750184
