555245
2703362
2704043
2704375
2704773
2715694
2718594
2718212
2717997
2717507
2717154
2716535
2716476
2715539
2716018
2717095
2715658
2715988
2716020
2715418
2715467
2715942
2716580
2716754
2717957
2718250
2717466
2716438
2716808
2716693
2716594
2716585
2717079
2717112
2717349
2716358
2716277
2716473
2716999
2717872
2716983
2717283
2717149
2715641
2716240
2716729
2717313
2717086
2716369
2716385
2716583
2715996
2716774
2716042
2715461
2715805
2715869
2715611
2715583
2715195
2715865
2716203
2715358
2715897
2715944
2717063
2716617
2715365
2715905
2716330
2716012
2715629
2715021
2716018
2716253
2716301
2717334
2717502
2717642
2717399
2717337
2717409
2717722
2718417
2717801
2717990
2717785
2718314
2718459
2718205
2718053
2717366
2716847
2717714
2717459
2716731
2716496
2717082
2717350
2717733
