420138
2229144
2229186
2229593
2229107
2228909
2236295
2240872
2240284
2240111
2241336
2242128
2242113
2241512
2241844
2241603
2241643
2241442
2240831
2241519
2241249
2240818
2240387
2242272
2241635
2240635
2240930
2240291
2241220
2241483
2240871
2239645
2239758
2240693
2241201
2241386
2241177
2241818
2241239
2241265
2241524
2240443
2240372
2240528
2240624
2242014
2241369
2241424
2242907
2242773
2242970
2242405
2242179
2242052
2242582
2243425
2243757
2243303
2242590
2242260
2242445
2242414
2243259
2243035
2242972
2243077
2242830
2242114
2242557
2243072
2242828
2242717
2242489
2242759
2243232
2243456
2243855
2242451
2242931
2243226
2243283
2243933
2243561
2243041
2243335
2243241
2243136
2243155
2243398
2243468
2243719
2243912
2243998
2244312
2243939
2243875
2243385
2242067
2242644
2242085
