380325
458062
458082
458226
458174
458166
458090
458062
458178
457906
457834
457862
457946
458170
458242
458502
458474
458382
458354
458246
458390
458230
458138
458182
458218
458374
458482
458534
458526
458502
458422
460206
460718
460734
460786
460714
460790
460854
460798
460850
460802
460818
460718
460682
460718
460698
460666
460730
460690
460738
460442
460530
460518
460650
460842
460790
460846
460702
460706
460606
460682
460714
460734
460710
460758
460710
460470
460486
460414
460430
460218
460178
460306
460226
460398
460242
460366
460318
460438
460466
460370
460326
460262
460326
460158
460306
460286
460294
460274
460398
460558
460438
460518
460530
460422
460442
460506
460450
460714
460566
