334223
3948276
3948530
3958628
3968844
3969447
3968933
3969880
3969212
3970289
3970456
3968824
3969232
3971515
3969111
3968502
3968127
3968354
3969068
3970798
3971470
3969463
3971474
3970331
3971608
3969698
3970475
3970128
3971172
3970257
3969292
3969208
3969503
3969032
3968956
3968201
3970439
3968749
3969080
3968444
3969526
3970582
3970520
3969154
3969706
3968825
3969404
3969377
3969201
3967738
3969412
3968540
3969197
3969004
3969292
3969335
3970424
3970719
3968844
3970413
3971268
3969828
3970047
3969801
3969888
3969982
3969424
3970599
3970773
3971284
3970504
3969664
3968254
3968604
3969089
3968792
3968495
3968954
3969003
3968963
3968246
3968917
3969933
3969747
3969565
3967674
3968680
3971686
3972218
3973192
3973115
3972712
3974144
3974913
3975127
3975426
3973778
3974533
3973984
3973991
