430713
3701603
3703823
3706257
3722495
3722375
3723632
3724177
3723003
3722913
3721591
3723433
3723561
3723812
3724394
3723436
3722297
3721941
3722511
3721145
3720597
3721065
3720180
3721859
3722703
3722779
3723478
3722424
3722588
3721281
3722605
3722637
3722381
3722438
3722970
3723257
3722740
3721666
3722005
3722082
3721442
3720767
3720589
3721481
3723072
3723344
3722226
3722481
3723201
3722783
3723235
3724340
3723023
3722117
3722485
3723435
3723664
3722588
3722637
3721751
3722375
3723887
3723396
3722967
3724933
3723946
3723928
3723207
3723346
3723291
3722912
3724432
3724115
3723568
3722764
3722135
3722871
3724230
3724305
3722964
3723335
3721016
3721190
3720724
3721952
3721921
3722586
3721898
3721823
3721273
3721281
3720612
3719876
3719512
3718616
3719743
3721029
3719729
3720717
3720157
