510344
1500090
1500119
1500362
1500147
1499779
1500476
1500292
1500753
1506215
1508263
1507729
1507699
1507845
1508528
1508263
1508607
1508235
1509060
1508411
1508368
1508411
1508368
1508200
1508447
1508604
1508865
1508751
1508456
1508258
1507988
1508169
1508234
1507430
1508565
1508786
1508019
1508161
1508089
1507870
1508103
1508122
1508590
1508406
1508539
1508567
1508574
1508483
1508676
1508659
1508992
1508651
1508447
1508593
1508477
1508556
1508532
1508280
1508618
1508817
1508581
1508444
1508608
1507857
1508063
1508174
1508693
1508318
1508387
1508256
1508367
1508720
1508907
1508319
1507925
1507927
1508525
1508224
1508111
1507879
1507734
1508207
1508389
1508186
1508159
1508426
1508461
1508550
1508523
1508189
1508063
1507873
1507657
1507570
1507850
1507959
1508197
1508326
1508425
1507996
