485595
507686
507806
507878
507718
507770
507838
507918
507970
507862
507882
508010
507850
507990
507822
507842
507890
508062
508306
508098
507882
507690
507786
507706
507742
507610
507702
507594
510738
510450
510462
510418
510442
510402
510478
510470
510474
510390
510458
510526
510530
510646
510514
510614
510562
510538
510794
510734
510750
510630
510478
510474
510470
510406
510498
510502
510518
510434
510430
510518
510446
510298
510134
510134
510222
510438
510398
510338
510442
510530
510566
510606
510638
510602
510526
510514
510490
510270
510562
510662
510574
510510
510574
510506
510534
510514
510358
510402
510270
510230
510302
510338
510414
510470
510482
510414
510314
510222
510218
510250
