43298
2005820
2005619
2006799
2006608
2006422
2007074
2016753
2017083
2017048
2016493
2017199
2017307
2017103
2018054
2017478
2016633
2016339
2016120
2016565
2016558
2016392
2016878
2017019
2017165
2016031
2016008
2016044
2016608
2017602
2016483
2016619
2015767
2016567
2016652
2016274
2015921
2016422
2016212
2017294
2017564
2017193
2016684
2016035
2015535
2016358
2016636
2016932
2016238
2016411
2016715
2016196
2016766
2016540
2016867
2016947
2017031
2016890
2017171
2017062
2017048
2016921
2016931
2016877
2016920
2017065
2016699
2017627
2017537
2017208
2016470
2016580
2016881
2017220
2016488
2016526
2016347
2016567
2016068
2016845
2016773
2016608
2016404
2016424
2015954
2016216
2015971
2015834
2016302
2016065
2015974
2016403
2016075
2016087
2016403
2016628
2016672
2016681
2016904
2016221
