600558
728869
728791
728803
728749
728955
728861
728797
728947
729123
729526
729359
729195
729245
729211
729504
729509
729315
729351
731820
733042
733074
733229
733051
733018
733004
733175
733442
733639
733650
733438
733309
733289
733606
733383
733263
733124
733262
733157
733070
733309
733499
733245
732969
732974
733274
733461
733527
733362
733154
733392
733516
733315
733175
733073
733031
733246
733142
733326
733166
733252
732994
733033
732901
732718
732827
732978
733133
733196
733277
733114
733199
733136
733075
733340
733491
733311
733387
733332
733423
733149
733133
733237
733214
733427
733343
733299
732791
733104
733095
733193
733263
733050
733205
733653
733477
733455
733565
733414
733239
