45547
1962752
1962679
1962364
1962357
1962288
1962112
1970261
1972993
1973024
1973246
1972939
1973028
1973416
1973389
1973260
1973344
1973068
1973579
1974011
1974007
1973449
1973378
1972900
1973272
1973499
1973104
1972169
1972011
1972475
1972650
1972571
1973096
1973160
1972838
1972800
1973240
1973305
1973627
1972894
1973208
1972952
1973367
1973571
1973160
1973095
1972987
1973237
1973432
1973569
1973539
1973650
1973134
1973130
1973556
1973100
1973168
1973060
1973227
1972996
1972787
1972583
1972890
1973568
1972791
1972639
1972395
1973181
1973011
1972963
1972971
1972815
1972809
1973631
1973763
1973238
1973101
1973587
1973233
1972735
1972690
1973884
1973391
1973127
1972664
1972979
1973076
1973328
1973591
1973905
1974008
1974848
1974683
1973722
1973644
1973603
1973090
1973076
1973318
1973711
