564295
3451686
3451708
3452259
3467490
3470117
3470464
3470470
3471158
3471822
3469691
3471705
3471912
3472650
3470242
3468922
3469717
3470309
3469509
3470478
3470581
3472339
3472055
3471333
3470618
3471432
3472046
3471946
3471298
3471721
3470090
3470462
3470239
3470369
3470332
3469970
3469575
3468962
3468822
3468543
3467309
3466705
3467793
3467454
3467345
3467647
3468217
3468241
3468490
3468069
3468956
3470785
3470668
3469612
3470247
3470011
3468801
3469091
3469762
3469583
3470221
3469856
3470399
3469274
3468202
3469182
3470077
3469158
3469394
3468968
3469474
3468969
3468571
3469291
3469422
3468806
3469681
3468738
3468969
3469028
3470868
3469133
3469565
3468115
3470517
3470630
3469531
3469703
3469309
3469006
3469379
3469940
3470376
3470115
3471153
3470925
3470970
3470318
3468935
3469312
