983035
1010175
1010508
1010902
1010732
1010398
1010617
1010504
1010474
1010171
1010450
1010473
1010614
1010259
1015571
1015488
1015587
1015328
1015268
1015360
1015191
1015637
1015646
1015914
1015668
1015570
1015621
1015725
1015898
1015283
1014969
1014860
1015166
1015350
1015289
1015541
1015653
1015748
1015617
1015919
1015836
1015656
1015697
1015727
1015978
1015842
1015658
1015627
1016006
1015835
1015670
1015190
1015311
1015498
1015439
1015562
1016167
1015683
1015840
1015810
1015911
1015901
1016308
1016034
1015931
1015592
1015651
1015557
1015403
1015377
1015427
1015358
1015383
1015627
1015692
1015746
1015821
1015471
1015645
1015883
1015811
1016206
1015616
1015851
1015736
1015820
1015823
1015599
1015846
1016042
1015807
1015796
1015867
1015959
1016580
1016426
1016139
1015944
1016198
1016215
