145540
2950511
2950835
2951408
2950813
2964551
2964322
2965457
2965991
2965354
2964635
2964636
2964743
2964286
2963408
2965002
2965227
2963711
2964439
2965084
2964534
2965680
2966106
2965628
2966331
2965543
2965576
2965207
2964396
2965779
2965254
2965147
2964163
2964072
2964203
2964432
2964449
2964778
2964125
2964121
2963760
2962822
2962659
2962949
2963205
2964109
2964157
2964048
2963832
2964015
2964545
2963690
2964621
2964373
2965255
2964876
2964634
2965357
2965164
2965085
2965201
2965427
2964972
2964812
2963983
2965547
2965287
2964416
2964474
2964892
2966270
2965245
2964280
2965538
2964302
2964656
2965041
2964384
2963550
2963591
2963157
2963072
2963248
2963099
2964566
2964369
2964508
2964987
2964091
2963608
2964015
2963897
2964241
2963155
2963592
2963959
2964333
2963231
2964130
2963275
