2223823
2234168
2233492
2233281
2234160
2233819
2245114
2246186
2246610
2246936
2246573
2245840
2246312
2246433
2245656
2246939
2247519
2246696
2246212
2247136
2246669
2246916
2246783
2246944
2246824
2246701
2246829
2247096
2246867
2246214
2246338
2246902
2246770
2247570
2246335
2246605
2246575
2245990
2245641
2245916
2245088
2245967
2245778
2245346
2245192
2245298
2245094
2245489
2246952
2246591
2245622
2245431
2246049
2246168
2247244
2246304
2245357
2245835
2246308
2245304
2246040
2245746
2244973
2245490
2246130
2245803
2245991
2246496
2246395
2245963
2245563
2246569
2246651
2246235
2245942
2246671
2246316
2245641
2245845
2245973
2246947
2246041
2246377
2245927
2246158
2246683
2246505
2246479
2246239
2246328
2246309
2246670
2246479
2246030
2246638
2246109
2245951
2245798
2245664
2244829
