50974
56120
56124
56116
56080
56084
21663
56036
56068
56068
56072
56060
56068
56072
56068
56084
56056
56068
56068
56060
56088
56068
56080
56088
56080
56072
56068
56104
56088
56092
56100
56080
56060
56068
56088
56076
56076
56080
56072
56092
56100
56084
56080
56068
56068
56072
56092
56076
56052
56056
56068
56092
56108
56072
56064
56052
56072
56072
56068
56068
56048
56052
56064
56040
56072
56052
56068
56068
56048
56096
56068
56088
56068
56064
56064
56068
56064
56072
56052
56060
56048
56072
56072
56060
56084
56044
56060
56104
56060
56052
56052
56064
56060
56056
56060
56024
56036
56048
56036
56036
