224604
1764687
1764716
1764421
1765388
1765389
1764971
1767873
1775425
1774733
1775062
1774864
1774756
1775078
1775054
1774270
1775130
1774933
1775364
1775533
1776326
1776488
1775626
1776161
1776324
1776498
1776991
1776277
1776920
1776218
1776025
1776324
1776645
1776297
1776452
1776905
1776744
1776874
1776757
1776713
1776386
1776639
1776333
1776649
1776825
1776133
1775586
1776483
1776632
1776521
1775393
1775599
1775680
1774907
1775540
1775999
1776109
1775829
1775896
1775663
1776016
1775734
1775081
1775183
1775541
1775484
1775579
1776011
1775853
1776165
1776526
1776288
1776645
1775684
1775341
1776463
1776114
1776751
1777771
1778035
1777325
1776931
1776815
1777005
1777222
1776556
1776141
1776100
1776588
1776482
1776098
1776064
1776302
1776380
1776208
1776525
1776200
1776645
1777073
1778092
