315846
3488621
3484892
3489409
3500941
3508726
3507485
3507273
3509462
3509736
3508118
3508269
3507294
3508969
3508482
3508438
3509756
3509404
3509141
3508464
3508227
3508232
3510213
3508965
3508638
3508126
3508219
3509801
3509360
3508989
3509278
3508151
3508065
3508147
3508214
3507911
3507724
3508560
3508605
3507431
3508276
3507630
3508442
3509176
3509254
3509142
3508102
3507826
3508473
3508677
3508837
3509036
3508102
3509418
3510311
3510163
3510149
3508333
3509955
3509347
3509844
3512729
3511348
3511083
3510298
3509845
3509285
3509939
3509775
3508882
3511021
3509634
3509883
3509507
3508496
3509348
3508245
3508600
3508627
3507859
3509074
3508604
3508030
3507071
3506997
3507223
3507332
3508034
3507932
3507872
3507687
3507586
3508282
3508599
3507000
3506329
3506064
3507820
3508360
3509062
