733955
728520
728424
728520
728602
728559
728452
728409
728624
728531
728466
728297
728440
728635
728750
728754
728524
728837
728587
730886
732357
732654
732491
732481
732391
732329
732486
732374
732518
732542
732725
732885
732606
732741
732754
732525
732511
732631
732463
732505
732591
732845
732749
732783
732827
732575
732491
732279
732459
732651
732423
732547
732167
732212
732229
732440
732376
732287
732152
732261
732397
732548
732477
732288
732360
732313
732230
732168
732676
732829
732567
732828
732391
732248
732556
732483
732495
732257
732253
732272
732394
732537
732757
732493
732359
732292
732221
732391
732144
732284
732276
732603
732670
732641
732793
732799
732464
732520
732691
732621
