1980269
1968126
1968107
1968325
1968331
1968163
1970718
1979234
1978859
1979379
1979653
1979884
1979368
1979760
1980352
1980366
1980927
1980396
1980543
1981658
1980982
1981128
1980786
1980773
1981544
1980682
1980757
1980991
1981130
1980955
1981683
1982373
1982008
1981578
1981282
1980807
1980433
1980916
1980942
1981866
1981037
1980385
1979992
1980192
1980292
1980191
1980552
1980065
1980271
1980709
1980055
1979463
1980301
1980620
1980286
1979684
1980170
1980591
1981324
1980464
1980235
1980465
1980289
1979649
1980141
1981231
1980381
1980077
1979420
1979426
1979047
1979690
1979212
1979646
1979157
1979566
1979950
1979954
1980949
1980485
1980585
1980527
1981394
1980769
1980235
1980383
1980363
1980104
1980093
1980489
1980920
1981395
1980385
1980131
1980302
1981162
1980886
1980502
1980710
1980476
