489241
529245
529024
529102
529224
529088
529100
529207
529150
529054
529168
529132
529067
529033
529289
529353
529270
529139
528887
529149
529160
529212
529181
529371
529429
531614
532242
532239
532195
532387
532384
532207
532128
532114
532199
532299
532252
532284
532391
532265
532172
532072
532251
532250
532156
532221
532371
532445
532338
532259
532338
532384
532501
532430
532328
532404
532291
532056
532140
532187
531985
531974
532289
532358
532295
532381
532375
532477
532343
532502
532547
532536
532616
532472
532403
532367
532256
532348
532251
532176
532096
532234
532079
532016
532009
532013
532172
532232
532127
532032
532219
532246
532110
532280
532165
532303
532291
532467
532302
532283
