1728083
1731654
1731992
1732055
1732838
1732436
1732105
1732186
1739788
1741233
1740601
1740952
1741085
1741628
1741941
1742026
1742331
1742057
1741903
1741544
1741621
1741406
1741106
1741549
1741313
1741649
1741261
1741157
1741803
1742024
1742045
1742245
1742534
1742742
1741444
1741275
1741149
1742022
1741410
1741499
1741411
1741630
1741537
1740906
1741356
1741709
1741807
1741776
1741135
1741389
1741715
1741609
1741476
1741140
1740980
1741295
1741041
1740539
1741272
1740355
1740604
1741631
1741699
1741532
1741333
1740946
1741530
1741291
1742005
1741856
1741424
1741216
1741327
1740663
1740728
1741022
1741268
1741586
1740976
1741044
1740957
1741233
1740884
1741423
1741633
1741827
1741946
1741821
1741376
1741963
1741978
1741684
1741217
1741514
1742131
1741982
1741651
1741145
1741514
1741364
