486003
506377
506365
506137
506021
506129
506149
506105
505953
505981
506161
506213
506153
506229
506205
506193
506141
506145
506033
505917
506081
506177
506129
506373
506273
506281
505953
506205
508653
508709
508829
508765
508841
508793
508781
508617
508813
508909
509033
508901
508857
508861
508973
508861
508685
508553
508557
508565
508601
508621
508589
508645
508713
508529
508629
508617
508801
508889
508993
508881
508761
508881
508657
508669
508597
508485
508433
508541
508549
508593
508653
508825
508869
508749
508657
508669
508641
508681
508749
508753
508665
508721
508649
508657
508585
508929
508965
508757
508793
508737
508929
508725
508697
508693
508785
508733
508785
508725
508689
508841
