347125
726035
726016
726246
726170
725996
726157
725990
726014
726299
726039
725927
726018
726345
725962
726378
726611
726448
726342
728535
730072
730207
730146
730003
730091
730304
730274
730546
730581
730602
730254
730278
729946
730052
730239
730168
730450
730392
730296
730386
730199
729971
730096
730076
730292
730268
730510
730710
730452
730323
730139
730168
729895
730024
729884
729803
729936
730056
730068
730240
729992
730072
730010
729916
729930
730027
729968
730108
730198
730212
730231
730055
730064
729916
730092
730098
730283
730480
730411
730311
730438
730450
729950
730156
730189
730092
730128
730167
729840
730204
730292
730430
730396
730484
730324
730092
730570
730167
729964
729899
