734203
724662
724543
724556
724664
724489
724489
724569
724551
724690
724449
724359
724445
724645
724487
724337
724535
724560
724271
726751
728110
728160
728149
728492
728501
728477
728218
728291
728388
728370
728491
728264
728437
728008
727998
728280
728323
728520
728633
728303
728515
728436
728519
728610
728521
728576
728466
728479
728140
728078
728088
727974
728183
728161
728352
728131
728083
727986
728332
728444
728375
728376
728255
728468
728738
728601
728455
728583
728627
728904
728282
728355
728079
728277
728486
728339
728224
728313
728606
728587
728413
728287
728016
728318
728375
728440
728503
728451
728613
728375
728255
728323
728422
728579
728598
728690
728621
728257
728180
728342
