6381
56092
56092
56060
56052
56068
56084
56076
56076
56072
56052
56080
56080
56076
56080
56076
56068
56080
56072
56092
56084
56084
56084
56072
56048
56056
56048
56044
56068
56072
56100
56084
56060
56080
56088
56084
56084
56084
56096
56084
56080
56076
56092
56076
56076
56076
56112
56076
56056
56072
56084
56080
56084
56084
56096
56100
56088
56088
56108
56120
56132
56100
56100
56108
56112
56120
56116
56116
56100
56104
56108
56112
56108
56096
56112
56092
56100
56088
56088
56104
56100
56096
56072
56100
56092
56084
56116
56108
56092
56100
56104
56104
56092
56096
56096
56112
56096
56092
56120
56104
