83445
1230782
1230552
1230730
1230929
1230545
1230782
1230588
1230736
1230721
1230915
1233469
1237196
1237200
1237135
1237324
1237435
1237571
1237492
1237722
1237363
1237047
1236929
1236735
1236771
1236833
1237081
1236421
1236436
1236619
1236874
1236605
1236359
1236460
1236391
1236494
1236653
1236255
1236930
1236575
1237068
1237131
1236702
1236767
1236805
1236854
1237080
1237121
1236950
1236967
1236955
1237296
1237299
1237225
1237450
1237426
1237383
1236777
1236612
1236838
1237081
1237289
1237105
1236906
1236708
1237548
1237313
1237013
1236614
1236635
1237513
1237580
1236320
1236687
1236768
1236588
1236898
1236559
1236454
1236244
1236348
1236717
1236886
1236735
1236663
1236955
1237206
1237141
1236746
1237047
1236909
1237485
1237005
1236799
1236719
1236831
1237204
1237226
1237100
1236833
