657314
2506446
2507087
2508670
2507803
2511079
2458340
2458220
2457558
2456764
2457038
2457394
2457512
2457352
2458062
2457606
2458244
2457524
2456578
2457158
2457510
2456990
2457752
2457470
2457222
2458050
2457800
2458564
2458708
2458132
2459612
2458610
2458460
2457197
2458004
2457241
2457294
2457200
2458180
2457730
2457966
2457242
2457192
2457282
2457948
2457620
2458026
2457724
2457040
2457664
2457950
2457636
2457522
2456998
2458150
2457614
2457126
2457172
2456866
2457078
2458618
2459034
2458654
2457938
2457786
2457324
2456558
2457106
2456354
2456378
2457391
2457112
2456698
2457786
2457290
2456600
2456276
2455940
2456256
2455673
2456424
2455736
2455988
2455568
2456410
2456242
2456437
2457146
2456884
2456832
2457606
2456964
2456051
2456068
2455752
2455817
2455668
2455366
2455356
2455928
