534402
1513759
1513716
1513783
1513748
1513510
1514113
1514497
1514781
1519322
1522149
1521979
1522138
1521737
1521936
1521519
1521554
1521685
1521867
1521741
1521843
1521771
1521768
1521864
1521879
1521258
1521098
1522223
1522448
1522112
1521710
1522530
1522161
1522076
1521801
1522221
1522294
1521971
1521245
1520943
1521013
1521453
1521183
1520977
1521086
1521194
1520670
1521158
1521185
1520553
1520941
1520894
1521430
1521481
1521401
1522299
1522138
1521851
1521300
1521152
1521571
1521790
1521866
1521395
1521717
1521642
1521037
1520845
1521133
1520969
1520870
1521565
1521638
1521751
1521866
1521822
1522047
1521722
1521286
1521177
1521417
1521272
1521285
1520769
1521224
1520841
1521046
1521468
1521656
1521464
1521564
1520972
1521224
1520825
1521092
1521129
1521591
1521245
1520923
1521398
