484843
91477
513502
513614
513470
513558
513438
513514
513446
513334
513414
513450
513378
513282
513290
513166
513250
513274
513370
513442
513622
513638
513458
513770
513734
513730
513590
513598
516246
515982
516086
516266
516234
516218
516310
516206
516246
516302
516162
516494
516414
516434
516246
516290
516214
516138
516154
516218
516190
515962
516038
516122
516182
515910
515990
516110
516094
515898
515966
515918
515886
516114
516186
516126
516018
516022
516114
516206
516254
516054
515894
516106
515970
516038
515938
516018
516038
515966
516006
515974
516074
516182
516018
516090
516182
516110
515970
516010
516002
516082
516406
516442
516230
516058
516366
516486
516406
516338
516170
516222
