323445
2966861
2968735
2967963
2972514
2983951
2983877
2984481
2985034
2984433
2985371
2983688
2983575
2983579
2984521
2983152
2982910
2983641
2983209
2983093
2982735
2983641
2983277
2983033
2983091
2984001
2983171
2982781
2983419
2982215
2981722
2982601
2981730
2982400
2983411
2983788
2982552
2982294
2983121
2984035
2983797
2983746
2982626
2982335
2982559
2982685
2982945
2983053
2984073
2983477
2982637
2982827
2983309
2983001
2983364
2983383
2983020
2982649
2983997
2983081
2983025
2984205
2983293
2983425
2983322
2983129
2983969
2983345
2983725
2984045
2983689
2983149
2983387
2983407
2983237
2983699
2983047
2981989
2982197
2982861
2983588
2982510
2982631
2982941
2982447
2983631
2982959
2982952
2983351
2984443
2984185
2983791
2982771
2982525
2983411
2982883
2983255
2983850
2983113
2982695
