272469
3498186
3499003
3499754
3516801
3518483
3519816
3518342
3518461
3517129
3519387
3520021
3521324
3521307
3520713
3520601
3520505
3519897
3519544
3518598
3517716
3518606
3518541
3519474
3518618
3520023
3521837
3519753
3519378
3519621
3520550
3520504
3519580
3519677
3519665
3519593
3520193
3520872
3520515
3521078
3521186
3520815
3520410
3519250
3517853
3517599
3517886
3517610
3516699
3518000
3518077
3519176
3517558
3517342
3516648
3516006
3516534
3518175
3517696
3517661
3518041
3517642
3518320
3518486
3518163
3517798
3516880
3518552
3516475
3515182
3515546
3516173
3516627
3516967
3515698
3516471
3516346
3517050
3515910
3517135
3518834
3518101
3518649
3517589
3517749
3517773
3518452
3517751
3517267
3516987
3516738
3516060
3516428
3516820
3516863
3517613
3518624
3516297
3515678
3517496
