514351
3253602
3254020
3254216
3266234
3272622
3271778
3271660
3271870
3271702
3270614
3271344
3272242
3271474
3272240
3271448
3271051
3272144
3272014
3271102
3270879
3272336
3271358
3271140
3271157
3271456
3271538
3271872
3271733
3271214
3272296
3272034
3272770
3273304
3271124
3272314
3272982
3273160
3273314
3273498
3273016
3273361
3272878
3272590
3272852
3272840
3272540
3272136
3272482
3272740
3271854
3271606
3271896
3272022
3270892
3271422
3271438
3272097
3271746
3273166
3272606
3273398
3272506
3272575
3274272
3274184
3274028
3274472
3272802
3271328
3270735
3271028
3270025
3269832
3268978
3268990
3269250
3268299
3272184
3271294
3270540
3270446
3270668
3271100
3270585
3271349
3273006
3271610
3270741
3272398
3271804
3272426
3272320
3271794
3271651
3271444
3271532
3271824
3271670
3272554
