679757
2501737
2500979
2500486
2500899
2503494
2512937
2512616
2513019
2513230
2512461
2513520
2513165
2513373
2513553
2513881
2513293
2513276
2514208
2514136
2514346
2514017
2513123
2513872
2513487
2512885
2513283
2512970
2512761
2513666
2512791
2513231
2513360
2513752
2514166
2514304
2514193
2513678
2513369
2513431
2513654
2514041
2514989
2515330
2515538
2514759
2515208
2514977
2514792
2515174
2514441
2514751
2514468
2514902
2514832
2514664
2515404
2514304
2514508
2515621
2515561
2515580
2515130
2514837
2515276
2514661
2514468
2515476
2514729
2514963
2514121
2514366
2514237
2513481
2513252
2512487
2513500
2512880
2512277
2512203
2511887
2513627
2513337
2513648
2514130
2514445
2514049
2513820
2513274
2512374
2512687
2512542
2512613
2512599
2512615
2513171
2513852
2513114
2512572
2512939
