484891
89518
458266
458434
458226
458338
458290
458278
458346
458166
458130
458246
458230
458294
458402
458362
458422
458418
458318
458390
458302
458358
458266
458234
458238
458166
458342
458354
458298
458270
458190
460366
460670
460790
460718
460770
460866
460698
460790
460714
460854
460954
461022
460906
460946
460766
460666
460826
460858
460862
460718
460698
460774
460706
460634
460562
460666
460678
460814
460786
460786
460850
460910
460858
460878
460866
460826
460730
460750
460810
460730
460666
460830
460946
460966
460926
460854
460638
460706
460966
460758
460762
460830
460822
460894
460898
460898
460902
461078
461054
460822
460946
461046
461114
460962
460906
460894
460938
460902
460882
