50055
55896
55892
55896
55872
55880
55872
55884
44397
55900
55888
55884
55892
55892
55904
55884
55868
55872
55876
55860
55864
55880
55884
55876
55872
55876
55876
55880
55876
55900
55880
55908
55908
55892
55884
55908
55900
55904
55908
55896
55888
55892
55876
55888
55888
55888
55864
55892
55896
55880
55888
55860
55856
55864
55844
55868
55844
55884
55872
55860
55868
55860
55884
55884
55884
55912
55908
55876
55876
55900
55912
55904
55860
55844
55892
55880
55888
55912
55896
55904
55908
55916
55916
55904
55884
55876
55872
55900
55892
55888
55892
55880
55908
55896
55880
55872
55880
55876
55848
55864
