2076
1500465
1500134
1500021
1500598
1500766
1501590
1501367
1501295
1509167
1508958
1509190
1509113
1508830
1508785
1508596
1508592
1508299
1508503
1508389
1508958
1508131
1507832
1507234
1507611
1507981
1508335
1508867
1508182
1507979
1508476
1508217
1507776
1507930
1507421
1507500
1507994
1507913
1507367
1508019
1508279
1507242
1507404
1507253
1507556
1507979
1507653
1507663
1507184
1507379
1507779
1507919
1507750
1508306
1508818
1508855
1508608
1508755
1508515
1508167
1508773
1507912
1507563
1508157
1507779
1507970
1508674
1508410
1508065
1507740
1507696
1507984
1508287
1508409
1508124
1508246
1508698
1508496
1508811
1508621
1508336
1508384
1508790
1508784
1508991
1508923
1509095
1508540
1508317
1508220
1509379
1508782
1508856
1508711
1508744
1508248
1507955
1508240
1507914
1508807
