237173
222108
222156
222112
222076
222088
222024
222064
222124
222084
222104
222112
222128
222072
222092
222132
222148
222080
222068
222016
222016
222072
222088
222108
222136
222132
222092
222172
222084
222204
222260
222228
222264
222224
222204
222180
222216
222272
222200
222184
222104
222144
222148
222124
222076
222164
222140
222096
222140
222204
222200
222160
222228
222264
222268
222268
222184
222156
222176
222252
222168
222188
222172
224080
223400
223372
223388
223492
223424
223320
223340
223372
223392
223416
223376
223384
223404
223360
223316
223368
223368
223336
223228
223172
223264
223340
223324
223356
223384
223336
223276
223272
223272
223312
223296
223344
223436
223408
223384
223360
