2478669
2484227
2483791
2483307
2482828
2491300
2496147
2496273
2496657
2496877
2496947
2497692
2497134
2496991
2498234
2498021
2496682
2497120
2496183
2496884
2497049
2497025
2496229
2495640
2496055
2495970
2497248
2498216
2497526
2496646
2495696
2497706
2497014
2496433
2497098
2496852
2496331
2496535
2496832
2496751
2496595
2496863
2497200
2497591
2496147
2497125
2497962
2496922
2496767
2495982
2496886
2495766
2496289
2496495
2496592
2497358
2497738
2497392
2497855
2497632
2496664
2497562
2496414
2497547
2496635
2497233
2497021
2496980
2497426
2496568
2495843
2496481
2496035
2496013
2496264
2497276
2497306
2498045
2497211
2496814
2497856
2497722
2496959
2496547
2496284
2497010
2497152
2496565
2496591
2496560
2496704
2497230
2497249
2497915
2497966
2495837
2494967
2494209
2493904
2494697
