704660
3951281
3952046
3960473
3973322
3971426
3971456
3971217
3972161
3971350
3971474
3971547
3972556
3972869
3973895
3972718
3973238
3974394
3975254
3974954
3973702
3973933
3973531
3974288
3974976
3974220
3974707
3973547
3973659
3972420
3972818
3972527
3972282
3972793
3972462
3972824
3975340
3974140
3973722
3973948
3974087
3974686
3973969
3975198
3975530
3974014
3973600
3974253
3973462
3972601
3973441
3973282
3973098
3973780
3973767
3973603
3973913
3973964
3974048
3974034
3972341
3971379
3972598
3973818
3975588
3974206
3973118
3973712
3973027
3973472
3972934
3973854
3974085
3973626
3972756
3973299
3973918
3974234
3975130
3974722
3974734
3974424
3973212
3973674
3973132
3972681
3973318
3973201
3972562
3974004
3972988
3974312
3974738
3975180
3974204
3973186
3972856
3971439
3970830
3970740
