60275
3997249
3997780
4003964
4017411
4018418
4016030
4016897
4017247
4017333
4017354
4019142
4018306
4018992
4018309
4019027
4018594
4017714
4019079
4019150
4019441
4021094
4018568
4019357
4019128
4020029
4017962
4018982
4018526
4017897
4017230
4017038
4018258
4017925
4018066
4017276
4016738
4018421
4018265
4018320
4018152
4017865
4017882
4018734
4017184
4018066
4019199
4017518
4016792
4017590
4019554
4020008
4020158
4019876
4019667
4020301
4019900
4020513
4020799
4018831
4019016
4019512
4019267
4020759
4019933
4020066
4018634
4019886
4019609
4019498
4018308
4020004
4018833
4017628
4017801
4018213
4017802
4017270
4017826
4017851
4020573
4018902
4019727
4018452
4018119
4018182
4019309
4019314
4019181
4018168
4019589
4018716
4017699
4017353
4017871
4017993
4017845
4018987
4018411
4018170
