555101
974194
974302
974044
973966
974186
974042
974165
974630
974830
974900
974653
974815
974956
974868
980825
980379
980499
979857
979580
979572
979565
979241
979395
979542
979807
979811
979653
979455
979494
979269
979505
979512
979300
979369
979360
979103
978875
978595
978784
978593
978661
979395
979442
979583
979599
979876
979895
979695
979578
979720
979605
979968
980111
980359
980307
979897
980217
979839
979993
979824
979840
979737
979670
979676
979515
979383
979480
979327
979766
979656
979252
979483
980072
980025
979977
979803
980243
980071
979619
979963
979708
979748
979896
979544
979628
979618
979533
979792
979388
979419
979416
979350
979417
979206
979676
979419
979617
979575
979835
