2974277
2998895
2999797
2999827
3010207
3016891
3017375
3016983
3016223
3016014
3017090
3017003
3016393
3017157
3016481
3016316
3015688
3016617
3014962
3014582
3014802
3014931
3015412
3015147
3015378
3015960
3015244
3016223
3015701
3015802
3015854
3016523
3016223
3016971
3017170
3015979
3016400
3016829
3015687
3014750
3015097
3016741
3016366
3016086
3015139
3015043
3015349
3014229
3014297
3015259
3014828
3014389
3015549
3015692
3015170
3015658
3016282
3015740
3015481
3014381
3014369
3016074
3015271
3015651
3017812
3016647
3016315
3016735
3015991
3017112
3017366
3017679
3017068
3016406
3017320
3017229
3017816
3017626
3019585
3018100
3018189
3017250
3016420
3016876
3016545
3016377
3018118
3017329
3017530
3016799
3015867
3015864
3015381
3017228
3017200
3015664
3016463
3015133
3016223
3016777
