321607
3978686
3977694
3988421
4000656
4000433
4000352
3999781
4001904
4002349
3999294
4000946
3999838
4000342
4000006
3999753
3999885
4000170
4000568
4000181
4002830
4001446
4002161
4001699
4000559
3998344
3998224
3999871
4000154
3999830
4001094
4001036
3999328
3999176
4000793
4000140
3999282
3997927
3998252
3999365
3998928
3999713
4000260
3999648
3998718
3999440
3999253
4000241
4001840
4001643
4000323
3999413
3999495
4000512
4000290
3999607
4000438
3999489
4000772
4001205
4001671
4002285
4001300
4000785
4001180
4001350
4001224
4000103
4000641
4000631
4001100
4001217
4002345
4001875
4000491
4000955
4001317
4000426
4002138
4002275
4000469
4000820
4001672
4001289
4001773
4000773
3999905
3999578
4000807
4001984
4002171
4001367
4000358
4001217
4001474
4000937
3999046
3998135
3999302
3999588
