3467330
3497074
3497295
3497217
3518557
3515892
3516032
3516572
3515728
3516011
3516435
3515890
3515561
3516361
3515676
3515806
3516561
3516437
3515489
3515952
3516016
3516462
3518053
3519220
3517951
3518216
3517974
3517521
3517568
3517539
3518718
3519517
3519489
3519789
3518996
3520203
3518949
3519590
3519410
3520638
3518873
3517451
3518001
3516657
3517894
3517417
3517313
3517002
3517520
3516171
3517133
3516912
3517330
3518074
3516960
3515381
3516375
3516435
3516858
3516422
3516842
3516472
3517636
3517967
3517024
3516242
3516607
3517462
3518392
3519328
3517998
3517245
3516261
3517586
3515306
3516158
3515200
3515199
3516213
3516413
3516040
3515927
3516177
3516996
3516770
3517622
3518158
3515660
3516468
3517094
3515776
3516130
3515749
3516627
3516268
3517048
3517216
3516298
3516676
3516395
