39746
2219915
2219402
2219600
2219077
2219888
2228301
2232649
2233483
2233398
2233288
2232037
2231692
2232493
2232695
2232317
2233018
2232669
2232531
2232105
2233218
2233411
2232544
2232764
2231846
2232032
2231930
2232225
2232096
2231708
2231517
2231211
2232716
2232394
2232363
2232913
2233474
2233680
2233429
2233084
2234126
2232928
2233670
2233602
2234113
2233724
2232667
2232430
2232024
2231575
2232178
2232184
2232521
2232379
2232248
2233038
2232388
2232855
2232862
2232465
2231931
2233411
2232683
2232541
2232757
2233624
2233337
2233890
2232804
2231923
2232097
2232016
2231926
2231632
2232416
2231646
2232050
2232074
2232876
2233400
2232912
2232181
2230830
2230720
2231043
2231039
2231587
2232264
2232368
2231064
2230749
2230818
2230330
2230732
2230830
2230422
2230738
2231345
2231255
2230883
