585443
733777
733432
733592
733495
733011
733740
733654
733340
733401
733282
733290
733343
733175
733259
733419
733359
733429
733300
735672
737140
737330
737239
737127
736851
736766
737033
737100
737184
737175
737188
737147
736905
737055
736926
737299
737411
737303
737359
737381
737303
737340
737183
737116
736888
736928
737252
737226
737129
737188
737227
737494
737546
737512
737235
737299
737346
737343
737278
737272
737342
737371
737233
737247
737390
737379
737212
737309
737646
737543
737314
737261
737179
737411
737387
737317
737674
737870
737496
737282
737331
737181
737176
737312
737359
737432
737238
737164
737172
737227
737462
737325
737359
737466
737396
737282
737264
737258
737513
737424
