441346
1481401
1481426
1481485
1481410
1481383
1481526
1481257
1481497
1483327
1488926
1488932
1489105
1488508
1488304
1489001
1489068
1488809
1488901
1488976
1489057
1489506
1489317
1489256
1489083
1489004
1488604
1488536
1488805
1488960
1489128
1488849
1488833
1489010
1488440
1488836
1489225
1489382
1489054
1489054
1488912
1488654
1488776
1489051
1489516
1489887
1490076
1489916
1489622
1489699
1488883
1488614
1488847
1489276
1489735
1489453
1489557
1489529
1489130
1489458
1489234
1489193
1489525
1489488
1489418
1489114
1489322
1489757
1489332
1489050
1489132
1489610
1489173
1489166
1488743
1488892
1489359
1488593
1488414
1488362
1487865
1488448
1488525
1488476
1488596
1488852
1488143
1488094
1488426
1488905
1488765
1489097
1489208
1488967
1488639
1488362
1488664
1488817
1489463
1489543
