88464
2227167
2226406
2226480
2226107
2225976
2232386
2238016
2237547
2237492
2237204
2237717
2237056
2236934
2237687
2237862
2237710
2237249
2237479
2237459
2237188
2237385
2237696
2237145
2237446
2237101
2237660
2238131
2238695
2238168
2237860
2237670
2237429
2237082
2238436
2238689
2237752
2238245
2238964
2239249
2239349
2238737
2238109
2237887
2238390
2237746
2238817
2237762
2237748
2236746
2236891
2237919
2237714
2237407
2237364
2237562
2238027
2237444
2237308
2238241
2238506
2238399
2237647
2237263
2237803
2237711
2238245
2237638
2237854
2237663
2237973
2237288
2237442
2237310
2237671
2236749
2237739
2237896
2237336
2238458
2238590
2238687
2238591
2239387
2239188
2238384
2238587
2238909
2238994
2237451
2237946
2238482
2237892
2238803
2239017
2238875
2238493
2238722
2237438
2238543
