301694
3474007
3473936
3474951
3492039
3494069
3494213
3494299
3493391
3492163
3492655
3493287
3493187
3492974
3494113
3492879
3493665
3492839
3493733
3494469
3495265
3493135
3493345
3493549
3493483
3493651
3493353
3492812
3492943
3492285
3491451
3491506
3491091
3491325
3491872
3493121
3492715
3492935
3492854
3492937
3491931
3491665
3490776
3491657
3492619
3492294
3492125
3492707
3493343
3494225
3493563
3494135
3493438
3493727
3493937
3493769
3493269
3493761
3492853
3493999
3492821
3493397
3493709
3494059
3494333
3493125
3493435
3494179
3495297
3495543
3494901
3495225
3493649
3494517
3495969
3496651
3496027
3495707
3494757
3494207
3492809
3494321
3494802
3493591
3493999
3494315
3495501
3495131
3495591
3496278
3494931
3494559
3496185
3495339
3495429
3494703
3495215
3495985
3496601
3496913
