421722
3000839
3000887
2999695
3002747
3015609
3016291
3016330
3016543
3016215
3016313
3016136
3015355
3014988
3015373
3015297
3015498
3015712
3015211
3015148
3014608
3014522
3015260
3015160
3015619
3015682
3015308
3015493
3014660
3015304
3015677
3016511
3015083
3013880
3014444
3013756
3015532
3014645
3015384
3014808
3015278
3014709
3015396
3015169
3014189
3014005
3014057
3015072
3014819
3014747
3014980
3015260
3015865
3017197
3016215
3016585
3017315
3016684
3016053
3016246
3015530
3015475
3015524
3015079
3015174
3015455
3015615
3016961
3017679
3016598
3015938
3016534
3015411
3015051
3014997
3015413
3015674
3016010
3015765
3015365
3016490
3017769
3017003
3015454
3015904
3015094
3015600
3014974
3014908
3014847
3015539
3015257
3016325
3016210
3015556
3014879
3014472
3015783
3015754
3015191
