2474663
2488338
2487987
2487905
2486295
2490614
2505038
2505298
2505565
2505407
2506075
2505969
2506252
2506874
2506068
2505509
2505884
2505094
2505152
2505867
2505446
2506174
2505479
2506154
2506397
2506145
2505724
2506082
2505781
2505263
2506515
2506585
2506658
2506452
2506343
2505911
2505971
2506626
2506395
2506531
2506622
2505558
2505692
2505430
2505418
2505858
2505294
2505687
2505544
2505234
2505629
2505798
2505569
2505721
2505320
2505134
2506141
2505651
2505960
2505875
2506175
2506692
2505880
2505682
2505088
2505134
2504603
2504727
2504803
2505303
2506157
2505172
2505688
2505120
2506189
2505363
2505343
2505115
2505660
2505989
2506437
2505894
2506264
2506228
2505262
2505034
2504284
2504393
2505625
2505703
2505161
2505434
2505352
2505554
2505552
2505170
2504431
2505103
2505187
2505891
