482924
3706544
3706828
3710614
3726322
3726910
3727795
3727258
3726605
3727684
3728546
3729370
3727509
3728721
3728174
3728610
3727958
3728787
3728012
3728531
3726156
3725920
3725624
3726227
3727131
3727934
3726875
3726493
3726149
3725630
3725782
3726429
3727011
3726939
3727611
3724785
3725881
3727050
3726727
3725253
3726905
3726830
3726087
3727364
3726257
3727399
3726610
3725396
3726761
3725418
3724929
3726084
3727163
3725762
3725651
3725219
3726116
3726173
3727472
3727381
3727289
3726733
3726194
3727148
3727206
3727633
3727594
3728198
3729028
3728572
3727078
3728695
3728460
3727867
3727683
3729589
3728001
3727877
3727965
3730050
3728428
3728542
3726764
3725997
3726588
3725841
3726296
3726549
3727176
3728045
3727182
3726435
3727049
3726049
3725671
3726328
3728038
3727417
3728438
3727729
