50858
57568
57576
57580
57580
57576
57580
57584
37497
57560
57560
57560
57588
57560
57580
57560
57580
57576
57572
57572
57604
57592
57604
57580
57568
57580
57588
57576
57564
57580
57576
57568
57572
57560
57560
57536
57552
57556
57552
57556
57572
57564
57584
57580
57548
57548
57556
57568
57556
57568
57584
57568
57568
57576
57604
57572
57592
57592
57588
57592
57612
57608
57604
57596
57600
57572
57596
57580
57564
57568
57564
57588
57576
57576
57580
57564
57560
57560
57588
57596
57568
57592
57588
57564
57564
57556
57524
57544
57548
57540
57548
57536
57560
57556
57532
57564
57568
57592
57584
57580
