113155
2461879
2462434
2462685
2462314
2464476
2474933
2474805
2475116
2474199
2474315
2473866
2473855
2473678
2474608
2474217
2475846
2475477
2475022
2474245
2474828
2474794
2474738
2475301
2475266
2474408
2474857
2473975
2474197
2475074
2474652
2474783
2474568
2474111
2475366
2475761
2476786
2475400
2475651
2475707
2475268
2475769
2475543
2475811
2474836
2475768
2474888
2474569
2475326
2475609
2475444
2475440
2474770
2475966
2476985
2476705
2475458
2474739
2474814
2474892
2475406
2475598
2475400
2474604
2474907
2474169
2475018
2476026
2474959
2473929
2473852
2473616
2473418
2474162
2475034
2475313
2474825
2474521
2474553
2475314
2475149
2475069
2475407
2475037
2475133
2475315
2475058
2474852
2474148
2474564
2473706
2473975
2473818
2474226
2474378
2474374
2475188
2475798
2475860
2475590
