169858
1253386
1253292
1253359
1252947
1252212
1252410
1252719
1253113
1252718
1256056
1260107
1259884
1260097
1260328
1260313
1260189
1260242
1260598
1260451
1260612
1260758
1260644
1259999
1260206
1260157
1260330
1260410
1260497
1260323
1260238
1260223
1260286
1260326
1260628
1260494
1260369
1260848
1261087
1260510
1260513
1261099
1261038
1260699
1260935
1260453
1260278
1260615
1260727
1260422
1260437
1261032
1260949
1260806
1260429
1260681
1260570
1259858
1260020
1260326
1260058
1260021
1260149
1260671
1260471
1260285
1260248
1260009
1260641
1260877
1259957
1260233
1260380
1260429
1260269
1259779
1259929
1260531
1260672
1260453
1260517
1260453
1260090
1260680
1260808
1261175
1260961
1260778
1260555
1260628
1260770
1260693
1260633
1260449
1260359
1260472
1260526
1260589
1261174
1260843
