50802
55672
55676
55668
55660
55668
55660
55668
11687
55676
55676
55720
55716
55712
55692
55708
55712
55672
55664
55668
55700
55712
55688
55692
55688
55684
55716
55728
55712
55708
55680
55688
55692
55696
55704
55708
55700
55688
55700
55700
55712
55704
55708
55684
55672
55688
55684
55676
55700
55704
55684
55664
55684
55688
55668
55668
55660
55652
55672
55696
55656
55652
55672
55688
55676
55684
55672
55680
55668
55648
55656
55684
55688
55668
55684
55664
55652
55660
55676
55692
55656
55680
55692
55708
55724
55752
55728
55728
55720
55696
55712
55728
55696
55700
55696
55676
55680
55692
55700
55704
