255613
3200667
3201194
3203094
3212821
3218305
3219115
3217800
3218234
3217953
3218733
3220014
3218933
3218429
3218313
3218271
3218221
3218670
3218607
3219117
3217581
3217946
3218645
3217993
3217719
3216908
3217925
3218165
3217833
3217059
3217655
3217959
3218969
3219650
3219948
3219005
3219321
3218563
3218936
3218675
3218323
3218486
3218025
3217569
3218105
3218197
3217629
3218079
3218109
3219411
3218167
3217592
3219265
3219195
3217955
3217973
3219003
3219628
3218395
3218551
3219683
3218719
3218398
3218417
3218157
3218497
3219317
3218677
3218313
3217515
3217567
3217257
3217219
3217355
3218139
3219213
3219417
3219540
3219037
3219106
3218891
3218885
3219673
3219906
3219859
3220585
3219508
3218723
3219665
3219309
3219617
3220374
3220098
3220545
3219629
3220065
3221148
3219071
3218885
3218531
