485279
5049
460250
460162
460174
460022
460066
460070
460106
460190
459974
460170
460110
459998
460078
460106
459962
459922
459926
459834
459954
459974
460042
460122
459930
459866
459942
460070
460122
460138
460046
461466
462330
462294
462314
462314
462358
462394
462262
462422
462578
462398
462486
462358
462458
462306
462210
462282
462598
462410
462410
462530
462586
462714
462546
462538
462650
462566
462754
462578
462590
462614
462622
462626
462518
462494
462618
462578
462638
462606
462578
462526
462546
462530
462582
462442
462326
462350
462494
462530
462570
462578
462638
462682
462650
462618
462514
462662
462614
462574
462658
462650
462634
462666
462582
462534
462606
462606
462630
462726
