459857
2478263
2479034
2479958
2480018
2484604
2492804
2492770
2492723
2492452
2492384
2493084
2492989
2492635
2492164
2491419
2491122
2491343
2491755
2491634
2493113
2494162
2494201
2494382
2493990
2493754
2494189
2492932
2492818
2492468
2492637
2492856
2492799
2493087
2493356
2494365
2494560
2494256
2493785
2493295
2493859
2493827
2494844
2494370
2495434
2494123
2494974
2494304
2494221
2493106
2494280
2494217
2494126
2494319
2493757
2493916
2494383
2493323
2494849
2495469
2494118
2494545
2495299
2494904
2494306
2495037
2494822
2494607
2494599
2494855
2494743
2494940
2494253
2495215
2494089
2494814
2494277
2495003
2495279
2494963
2495845
2495597
2495170
2496316
2495172
2495303
2494200
2493403
2494069
2494072
2493103
2493975
2494882
2495463
2494495
2494501
2493989
2493788
2493689
2494687
