428079
1719696
1720229
1720701
1720745
1721168
1721142
1720654
1728089
1730141
1729805
1729749
1730619
1730325
1730287
1730170
1729921
1729397
1729319
1729793
1729386
1729335
1729925
1730315
1730311
1730085
1730681
1730280
1729421
1729567
1730687
1730529
1730113
1729779
1730160
1729739
1730021
1729666
1729985
1730093
1729563
1730031
1730201
1729601
1729573
1729464
1729873
1729281
1729312
1729346
1729473
1728809
1729805
1729647
1729320
1729582
1730045
1729371
1729899
1729441
1730086
1730371
1730341
1729643
1729188
1729422
1729639
1729981
1729983
1729807
1730145
1730575
1729913
1729430
1729662
1729221
1728682
1729195
1729754
1729535
1729573
1729553
1730143
1730019
1729544
1729341
1728669
1729973
1730102
1729925
1729765
1729907
1729869
1729675
1728945
1729291
1728706
1729397
1729313
1729160
