222603
1023245
1023375
1023411
1023488
1023707
1023882
1023686
1023790
1023696
1023802
1023726
1023559
1027446
1029183
1029122
1029678
1029502
1029903
1030165
1030034
1029627
1029749
1029747
1029594
1029668
1029696
1029455
1029471
1029374
1029034
1029363
1029613
1029746
1029829
1029356
1029714
1029798
1029427
1029524
1029688
1029916
1030009
1029780
1029608
1029664
1029603
1029714
1029697
1029381
1029586
1029513
1029744
1029674
1029488
1029663
1029836
1029607
1029438
1029631
1029561
1029636
1029604
1029726
1029648
1030051
1029714
1029883
1029891
1030440
1030165
1029840
1029987
1029883
1029883
1029732
1028889
1029065
1029227
1029546
1029523
1029596
1030049
1030033
1030037
1030221
1030270
1030442
1030426
1030154
1030343
1030083
1030316
1029798
1030221
1030148
1030103
1029862
1030123
1030178
