485799
508905
509121
508821
508957
509049
509221
509233
509325
509237
509181
508849
508925
508913
508945
508945
508857
509021
508901
508821
508973
509049
508917
508841
508645
508833
509017
509085
512289
511725
511485
511481
511493
511585
511473
511433
511473
511553
511781
511689
511477
511537
511705
511581
511665
511385
511245
511477
511569
511509
511581
511393
511509
511513
511505
511581
511369
511241
511189
511309
511389
511177
511389
511337
511357
511301
511397
511369
511481
511341
511325
511353
511409
511373
511289
511361
511441
511253
511393
511349
511405
511309
511417
511457
511421
511313
511337
511593
511505
511609
511457
511445
511481
511885
511653
511277
511413
511377
511501
511641
