179911
1238349
1238169
1238325
1238524
1238499
1238476
1238324
1238393
1238044
1238192
1241304
1244581
1244317
1244702
1244789
1244573
1244196
1244495
1244658
1244790
1244492
1244717
1244742
1244949
1245176
1244670
1244668
1244616
1244459
1244576
1244721
1244691
1244914
1244837
1244152
1244381
1243934
1243649
1244074
1244311
1244268
1243654
1243570
1244141
1244189
1244296
1244790
1244498
1244953
1244743
1244788
1244586
1244516
1244828
1244795
1244770
1244614
1244595
1244734
1244978
1244807
1244579
1244677
1244687
1244768
1244642
1244491
1244638
1244457
1244301
1244213
1244301
1243898
1244276
1244594
1244417
1244526
1244761
1244997
1244544
1245447
1245315
1244696
1244818
1244884
1244992
1244776
1244465
1244758
1244475
1244709
1244963
1245113
1244978
1245004
1245325
1245767
1245376
1245415
