602785
1729015
1729379
1729061
1729658
1729401
1729311
1729765
1737192
1738896
1739012
1738689
1738410
1738617
1738449
1737758
1737960
1738692
1738100
1738204
1738310
1738074
1738098
1737904
1737672
1737437
1737480
1737356
1738343
1738495
1738087
1738558
1738718
1738908
1738405
1738364
1737872
1737909
1737696
1738441
1738999
1738807
1738172
1738215
1738416
1737868
1738726
1738181
1738093
1738320
1738464
1738532
1738322
1738413
1738606
1739006
1738847
1738960
1739056
1738576
1738158
1738055
1737876
1738108
1738067
1738606
1738350
1738153
1738383
1738129
1738609
1738374
1738574
1738519
1738113
1737924
1737448
1738176
1738370
1737738
1738197
1737942
1738406
1738388
1738289
1737926
1738945
1739156
1739219
1737723
1738303
1738315
1739407
1738403
1738408
1737880
1738073
1737718
1738588
1738242
