295978
3725683
3725445
3728799
3744744
3744113
3745165
3744889
3743769
3743630
3745509
3744905
3744711
3745589
3744974
3744785
3744658
3745531
3745023
3742665
3742952
3743694
3742573
3744348
3741701
3742949
3743729
3743162
3743404
3742831
3743167
3743514
3744508
3744564
3744793
3745491
3745312
3745612
3745208
3743733
3743018
3744216
3744156
3744320
3743103
3743426
3743949
3745227
3744417
3745467
3745389
3744888
3745981
3745832
3744263
3745813
3745700
3745192
3745850
3746967
3745940
3745953
3746117
3745880
3745861
3745982
3747025
3746747
3745823
3746509
3745770
3745456
3744957
3745716
3744902
3745554
3745582
3744557
3746067
3746676
3746067
3745482
3745379
3746789
3745802
3745313
3745830
3744123
3745051
3746191
3746314
3745913
3745534
3745437
3745662
3747296
3747552
3746930
3744405
3743730
