986093
989043
988935
988675
988600
988847
989093
988996
989016
988846
988949
989196
989537
992880
994830
994531
994954
994751
994629
994093
994406
994850
994477
994730
994941
994585
994904
994865
994552
994423
994429
994697
994845
994829
994498
994283
994393
994542
994478
994635
994498
994580
994320
994441
994799
994552
994622
993480
993601
993825
993904
994468
994512
994148
994209
993983
993659
993828
994103
994231
994297
994371
994193
993770
993924
993490
994229
994203
994008
994106
993660
994030
993929
993986
993659
993526
993556
993637
994032
993785
993822
993661
993780
993644
993759
993663
993867
993805
993774
993552
993863
993794
993953
993786
994336
994205
994978
995238
995349
995184
