503568
2506781
2505773
2505536
2505004
2509273
2519034
2518357
2517764
2517716
2518215
2518898
2518490
2518763
2518510
2519282
2520753
2520236
2519739
2520348
2520298
2521036
2522220
2521706
2522208
2521760
2521462
2521521
2521906
2522128
2521828
2521450
2521520
2523338
2522828
2522392
2522020
2522316
2521922
2521952
2521048
2521019
2521281
2520800
2520597
2520491
2520422
2520532
2520814
2520306
2520322
2520785
2522141
2523001
2521902
2522682
2523420
2522377
2522316
2523271
2522385
2521241
2521586
2521869
2521761
2521735
2521669
2521729
2521069
2520696
2520545
2520287
2520556
2520898
2521141
2521114
2520575
2520873
2520815
2520956
2520628
2520031
2520257
2521975
2521579
2521951
2521838
2521584
2521739
2522569
2523139
2522528
2520895
2522126
2522483
2521803
2521268
2520662
2521160
2520946
