344417
3737401
3736442
3742687
3759761
3758243
3756846
3758321
3758329
3757974
3757689
3757854
3757707
3759255
3758314
3758581
3758738
3757788
3757904
3758082
3757944
3758412
3757114
3757601
3757961
3758095
3758066
3758219
3758144
3756981
3758105
3758153
3758407
3756831
3757771
3756044
3757158
3756662
3758108
3757533
3756817
3756987
3759683
3758577
3757931
3759074
3758409
3759862
3758217
3758503
3758784
3758429
3758342
3758737
3758201
3757545
3759776
3758412
3757790
3758025
3758667
3758910
3758443
3756741
3758045
3758458
3758026
3759530
3759193
3760446
3759688
3759785
3759048
3759238
3758640
3759334
3758877
3757826
3758357
3757522
3757414
3757889
3758199
3760132
3759181
3758576
3759250
3758824
3759845
3759225
3758404
3759067
3759714
3760323
3760670
3760887
3760988
3760069
3757821
3758425
