583186
722564
722586
722594
722485
722438
722261
722420
722338
722544
722664
722544
722499
722570
722782
722741
722729
722825
722494
725442
726586
726395
726457
726337
726306
726520
726681
726654
726453
726698
726558
726725
726640
726420
726525
726287
726376
726411
726281
726048
726144
726357
726525
726365
726379
726506
726347
726311
726310
726130
726086
726097
726225
726506
726609
726714
726591
726402
726426
726507
726361
726509
726421
726416
726142
726391
726565
726605
726470
726489
726756
726561
726558
726467
726285
726088
726193
726101
726018
726231
726276
726250
726422
726626
726531
726384
726275
726480
726505
726320
726490
726692
726508
726270
726423
726323
726323
726253
726474
726575
