2725377
2743699
2743128
2742294
2744603
2758734
2758190
2758031
2757758
2758159
2757879
2757100
2758047
2759054
2759457
2758858
2758968
2758884
2757819
2758691
2758534
2758892
2759120
2759393
2759722
2759137
2759358
2759504
2760701
2760712
2760179
2759969
2760465
2759292
2759943
2761055
2761802
2762275
2762786
2762667
2762029
2760374
2759548
2760918
2758768
2758994
2759907
2760021
2759269
2759501
2759630
2760005
2759774
2759107
2759464
2759205
2759831
2758508
2760249
2760313
2760453
2760009
2759244
2759383
2759710
2759639
2759222
2759778
2759020
2758916
2758172
2759693
2760328
2761022
2759885
2760158
2759721
2758938
2759336
2759414
2758584
2757733
2758172
2757333
2759973
2759547
2758941
2759197
2758005
2758086
2759337
2760857
2760040
2760199
2759478
2758592
2759371
2759737
2759091
2759266
