324578
2741032
2741722
2742243
2742667
2753271
2756892
2757182
2756993
2756476
2756194
2756699
2756926
2757708
2758073
2756866
2756097
2755912
2755585
2756058
2756654
2756542
2756971
2756956
2756522
2756669
2756333
2755989
2755714
2756598
2757033
2756056
2755343
2755423
2755655
2755272
2755518
2756105
2757502
2755934
2757148
2756158
2756127
2755085
2755212
2755874
2756550
2756701
2757325
2757251
2757245
2756190
2757521
2757252
2756417
2755951
2756357
2757538
2758013
2757449
2758398
2757829
2757559
2757685
2758265
2757264
2756989
2756937
2757446
2756549
2758017
2757723
2756781
2756958
2756535
2756976
2757337
2758625
2758296
2758558
2758733
2758260
2757356
2756969
2757357
2758029
2758016
2757250
2756837
2757614
2757768
2757480
2757134
2757101
2757986
2758667
2757723
2757188
2758708
2758119
