236998
118739
229281
229281
229309
229313
229317
229269
229289
229329
229281
229345
229397
229465
229441
229349
229337
229365
229425
229337
229337
229301
229321
229405
229417
229381
229305
229313
229329
229277
229449
229385
229393
229301
229269
229409
229329
229357
229297
229293
229265
229317
229341
229325
229329
229437
229409
229421
229441
229385
229341
229233
229257
229249
229289
229361
229257
229193
229325
229365
229373
229385
229333
230665
230513
230461
230393
230533
230485
230477
230557
230549
230521
230397
230425
230405
230481
230541
230605
230565
230529
230529
230485
230449
230465
230381
230469
230481
230477
230493
230457
230425
230485
230473
230469
230425
230381
230405
230437
230457
