576331
3229091
3228290
3227820
3237760
3246218
3246772
3245727
3246018
3245716
3246452
3245666
3244898
3245040
3245743
3245799
3246988
3246376
3247183
3246455
3246424
3246203
3246420
3246579
3247051
3246111
3246281
3246959
3246814
3246216
3246779
3246890
3246261
3247169
3247523
3248233
3246464
3247182
3248227
3247800
3248697
3247049
3247053
3247166
3247639
3247597
3247741
3246503
3246473
3247594
3248453
3248533
3247584
3247229
3247141
3247918
3248671
3248320
3248054
3248038
3247058
3247693
3247199
3248631
3247339
3246686
3246487
3245436
3245700
3245830
3245029
3245938
3247140
3246524
3246452
3246691
3246138
3245432
3246124
3245758
3246778
3247047
3247136
3246037
3247345
3246352
3245324
3245853
3245969
3245728
3246540
3246522
3247212
3246314
3245982
3245549
3246620
3247213
3245790
3246589
