3720857
3763847
3764985
3772615
3785702
3785809
3785886
3785835
3785888
3786747
3787237
3787450
3786288
3786515
3788357
3786200
3784543
3786213
3786644
3786881
3786039
3786273
3783086
3783507
3785788
3785255
3782762
3783549
3785568
3785750
3784138
3783459
3782723
3783580
3783983
3784104
3785588
3784652
3786445
3784907
3784074
3784469
3783847
3783874
3785871
3784772
3784487
3784012
3783628
3784159
3784749
3785045
3784960
3784603
3784808
3784520
3784325
3783721
3784032
3784082
3785319
3786692
3784383
3784138
3784321
3785076
3783986
3784405
3784012
3785348
3784484
3783071
3784445
3783210
3784507
3785146
3785213
3784711
3784735
3785757
3785626
3787420
3785421
3785788
3786387
3787692
3787891
3789932
3788776
3787210
3787142
3784964
3786184
3786262
3787108
3787125
3786726
3787492
3787315
3786819
