57382
1996336
1995923
1995670
1995150
1995475
1995384
2003496
2006456
2006593
2005872
2005929
2006031
2005926
2006196
2006129
2005982
2005289
2006383
2006581
2006449
2006225
2006051
2005439
2005905
2006241
2005529
2005715
2006867
2006225
2006767
2006479
2006024
2005219
2004368
2004837
2004536
2005258
2005309
2005399
2005699
2006241
2005715
2005742
2006270
2006218
2005990
2005660
2006141
2006431
2006504
2005835
2005131
2005623
2006325
2006254
2006067
2005231
2005932
2006397
2006623
2006263
2006224
2006451
2006552
2006370
2006448
2005890
2005668
2005879
2005785
2006488
2006651
2006423
2005441
2006001
2005664
2005747
2005980
2006149
2006356
2006415
2005822
2005464
2006141
2005098
2005173
2005198
2005546
2006665
2006963
2005860
2005502
2005476
2005379
2005366
2005703
2004950
2005558
2005210
