345323
2510170
2510835
2510287
2510049
2514331
2522836
2523295
2523643
2522568
2523127
2523029
2523195
2522147
2521919
2522425
2522262
2523496
2523486
2523787
2522869
2522639
2523017
2522203
2523132
2522770
2522520
2522178
2522071
2522684
2522261
2522270
2522048
2522670
2522406
2522580
2521869
2521222
2521730
2522271
2521445
2522155
2522577
2522914
2524077
2523252
2524102
2524223
2523686
2523846
2522542
2523428
2524863
2523685
2522590
2523449
2524040
2523758
2524221
2524753
2524008
2523785
2523495
2523081
2523649
2523588
2523419
2523312
2524430
2524338
2523386
2523547
2523445
2524042
2523920
2523379
2523556
2524028
2524015
2523464
2523183
2523642
2522463
2522144
2522608
2522400
2522699
2523419
2522999
2523143
2522931
2522775
2523691
2524005
2524639
2523907
2523667
2522777
2523120
2522676
