533347
2756714
2757664
2756682
2756168
2770148
2772031
2771634
2771373
2771651
2771242
2771044
2770791
2770887
2771231
2770589
2771061
2771099
2771649
2771719
2772150
2772235
2771401
2771085
2770469
2770167
2770444
2770035
2771925
2771943
2772493
2771748
2771901
2771906
2772632
2771697
2771551
2771085
2771009
2771368
2772258
2771783
2771863
2771883
2771387
2772078
2771884
2771986
2771723
2772215
2772197
2771331
2771397
2771479
2771241
2771231
2772011
2773315
2771817
2771041
2771490
2771855
2771365
2771355
2771371
2771781
2770975
2771619
2771481
2772885
2772585
2772464
2772543
2771371
2772739
2772623
2771433
2771239
2770969
2771137
2772607
2773093
2773693
2772807
2771603
2771897
2771671
2771609
2771660
2771756
2771293
2771739
2771261
2770645
2771641
2771317
2771209
2770605
2770919
2771105
