65097
3941916
3942436
3949149
3962799
3963748
3962315
3963618
3962169
3962493
3962487
3962683
3962551
3962111
3962033
3962923
3961747
3961593
3962111
3962021
3962248
3962503
3961585
3962095
3962893
3960390
3959614
3959811
3959878
3960996
3963361
3963598
3963134
3961636
3963196
3962668
3961674
3963171
3964951
3964237
3964071
3963180
3963797
3963064
3961807
3961628
3962698
3962176
3962463
3961814
3961833
3963930
3963451
3965480
3963996
3962856
3964440
3964514
3965597
3965413
3964517
3964366
3962001
3962920
3961965
3962921
3963625
3963772
3964194
3964598
3963671
3963783
3964566
3965203
3966120
3966055
3964791
3964891
3964499
3964534
3964898
3965164
3965389
3964801
3965134
3965612
3965462
3965349
3965487
3965736
3965234
3965515
3963748
3964434
3963897
3962315
3961083
3962292
3962117
3961096
