1011180
1513025
1512462
1512570
1512185
1513115
1512616
1512901
1514429
1520882
1521588
1521282
1521304
1521391
1521238
1521252
1521730
1521917
1521635
1522025
1522026
1521909
1521193
1520960
1520991
1521069
1521831
1522003
1522083
1521502
1521502
1521580
1521478
1522142
1521923
1521682
1521892
1522146
1522238
1522199
1522486
1522981
1523009
1523339
1522990
1523170
1522735
1523047
1522306
1522375
1522554
1522973
1522646
1521956
1522240
1522021
1522236
1522220
1522074
1521594
1522000
1521948
1521232
1521561
1521863
1522393
1521924
1521885
1521966
1521957
1521503
1521452
1522128
1521931
1521616
1521273
1521349
1521334
1521944
1521649
1521547
1521868
1521593
1521639
1522551
1522921
1522162
1521877
1521730
1521699
1521651
1521835
1521647
1522022
1522011
1521357
1522120
1521971
1522321
1521525
