3967363
3959038
3958781
3971256
3983173
3984306
3982652
3981524
3982258
3981501
3982130
3981817
3981768
3982046
3981004
3981876
3981338
3980714
3980806
3981847
3981330
3982452
3983463
3983638
3984330
3983451
3981578
3980590
3983541
3984217
3984155
3984875
3985147
3984125
3982047
3982468
3982912
3981268
3981682
3983240
3982713
3982200
3982866
3981787
3983668
3984165
3984554
3984214
3983636
3982914
3983764
3985700
3983995
3981791
3982474
3983159
3981904
3983205
3982228
3982176
3982361
3982003
3981758
3983067
3983338
3984596
3982888
3983532
3982218
3982728
3982792
3983856
3982532
3982737
3981751
3981207
3983403
3980764
3980103
3981534
3982309
3983618
3982660
3983740
3981952
3981461
3982071
3982936
3980218
3980423
3982882
3982923
3984698
3982356
3982195
3982996
3982836
3983124
3984084
3982996
