327924
2215419
2215287
2214813
2215135
2215199
2221378
2227267
2227079
2226994
2226955
2227184
2227343
2226713
2227235
2227380
2227139
2226885
2226988
2226168
2227629
2227521
2227321
2227766
2226051
2226592
2226242
2226969
2227564
2227869
2226496
2226550
2226126
2226551
2227365
2226744
2227055
2227497
2227549
2227516
2227593
2227434
2227141
2227289
2227027
2227332
2226791
2227183
2227573
2226401
2227358
2227945
2227366
2227328
2226896
2226792
2226426
2226066
2226814
2226872
2226806
2227159
2226849
2226498
2226808
2227316
2228278
2227663
2227013
2226813
2226151
2226706
2226542
2226608
2226694
2226207
2226028
2226633
2226586
2227628
2227801
2228267
2228342
2227413
2227031
2227728
2227546
2227750
2227364
2227464
2227346
2227279
2226218
2226328
2227233
2226174
2226838
2226895
2227236
2226855
