320045
3233329
3232626
3233141
3242256
3254775
3249819
3254255
3253905
3248829
3249397
3253518
3249027
3255229
3254328
3248550
3254400
3254269
3254383
3254025
3248944
3249812
3249291
3254550
3254546
3248533
3248895
3255035
3255364
3255011
3254527
3254225
3248879
3249299
3253537
3254847
3249003
3254364
3249134
3253866
3248698
3248519
3249203
3255017
3250510
3257002
3256429
3255763
3255010
3256081
3255114
3254877
3254727
3254940
3255133
3255030
3254845
3254897
3250315
3254447
3254456
3248884
3249565
3255357
3255074
3256139
3254428
3250126
3250444
3256339
3256694
3255834
3254797
3254517
3254816
3254841
3249170
3248956
3254334
3250196
3254522
3253879
3254931
3255492
3254908
3255024
3255979
3256969
3257237
3257021
3255475
3255226
3250260
3255923
3255786
3255728
3254941
3254735
3255058
3255502
