65144
3973520
3974826
3983983
3994953
3995748
3995738
3995448
3994632
3995382
3995738
3994782
3994390
3993846
3991904
3991941
3991159
3992367
3991739
3993698
3994264
3995036
3994728
3997596
3995825
3994577
3995893
3997442
3995493
3995232
3995204
3996347
3996420
3996432
3995690
3996684
3995810
3996978
3996408
3996090
3995838
3995676
3995110
3995738
3995678
3995742
3996222
3995694
3993104
3994676
3995121
3995387
3994866
3994966
3996374
3996148
3998180
3996970
3995530
3995698
3996779
3995898
3996445
3997922
3996650
3997034
3995812
3996778
3995468
3996460
3995942
3996344
3996380
3995036
3995937
3994544
3994214
3993868
3995058
3994250
3995078
3996192
3995410
3995874
3994930
3995492
3995348
3994506
3996262
3994424
3995384
3995040
3996498
3995548
3995830
3994950
3994915
3996250
3995248
3994416
