473529
2011942
2011713
2012223
2012222
2011698
2012536
2021776
2022961
2023407
2023538
2022933
2022509
2023096
2022471
2022702
2023217
2023497
2024165
2023295
2023297
2022517
2022385
2023068
2023051
2023097
2022744
2022129
2021542
2022018
2022111
2021831
2022270
2022737
2023078
2023312
2023490
2023047
2022861
2022974
2022558
2022664
2022079
2022193
2021903
2022536
2023316
2023470
2022737
2022462
2022856
2022379
2022011
2022856
2022422
2023080
2023445
2023467
2022514
2022106
2022641
2022142
2022739
2022776
2022706
2022481
2022256
2021688
2023258
2022983
2023960
2024204
2024120
2023314
2023374
2023683
2023033
2022468
2021890
2022096
2022348
2022759
2022749
2023132
2023293
2024220
2023854
2023148
2022715
2023032
2023254
2022783
2022603
2022533
2023044
2024191
2024091
2023338
2022882
2022840
