571279
3216448
3215206
3214417
3222517
3230395
3231640
3232010
3231098
3232171
3232598
3233752
3233905
3234835
3233276
3233215
3232954
3233802
3233459
3233265
3234249
3234263
3232952
3233559
3232931
3233886
3234737
3233861
3232181
3232388
3232469
3232918
3232950
3232989
3232200
3232732
3233949
3234593
3235046
3234456
3234432
3234997
3233974
3235465
3234614
3234306
3234686
3233115
3233183
3232219
3233415
3231919
3233346
3233183
3234232
3232622
3233450
3234841
3234394
3233428
3233084
3233250
3233738
3234898
3234360
3232985
3232202
3232409
3233683
3234070
3233046
3233965
3234611
3233165
3233230
3233224
3233671
3233065
3233530
3232675
3232783
3232666
3232921
3233379
3233008
3233542
3233544
3233128
3233187
3233519
3233388
3232501
3231992
3230725
3231034
3231727
3231433
3232196
3231881
3232106
