189671
2000083
2000813
2000649
2000440
1999958
2000851
2008306
2010904
2011337
2012113
2011841
2011405
2011629
2012293
2011861
2011384
2011061
2010933
2011201
2011437
2011024
2011403
2011940
2011340
2010943
2011106
2011299
2011391
2011182
2011511
2011405
2011108
2010515
2010792
2011135
2010759
2011169
2010774
2010541
2010580
2011161
2011776
2011223
2010747
2010978
2011581
2011609
2011369
2011265
2011163
2010495
2011057
2011237
2010996
2010601
2010658
2011038
2010372
2010709
2011261
2011493
2011898
2011257
2012282
2011085
2010907
2011005
2011560
2011209
2011127
2011641
2012068
2011459
2011434
2011929
2011694
2010858
2011917
2012245
2011045
2011246
2011760
2011705
2011986
2011621
2012237
2011566
2011645
2011760
2011217
2011459
2011893
2012963
2012068
2012414
2011666
2012448
2012733
2012900
