422843
1504827
1504917
1506055
1506473
1506557
1506116
1505789
1505639
1510845
1514312
1513943
1513780
1513480
1513973
1513915
1513896
1514018
1514374
1514680
1514098
1513406
1513199
1514035
1513876
1513502
1513436
1514018
1514022
1514030
1514282
1514704
1514554
1513710
1514348
1514158
1514171
1514248
1514439
1514047
1513420
1513728
1513342
1513557
1513343
1512922
1513048
1513648
1513280
1512868
1513474
1513884
1513198
1512450
1512712
1512730
1512940
1513034
1513458
1512825
1512863
1513256
1512790
1513200
1513573
1513618
1513610
1513378
1513061
1513036
1513832
1514322
1513864
1513588
1513538
1513636
1513600
1513166
1512572
1513292
1512846
1512656
1513360
1513220
1512596
1513068
1513033
1512868
1512882
1513356
1513446
1513418
1513674
1512754
1512932
1512850
1512664
1512536
1512596
1512444
