485215
510461
510429
510501
510581
510457
510513
510597
510657
510573
510425
510381
510357
510229
510445
510525
510465
510557
510761
510677
510557
510533
510477
510457
510389
510553
510409
510449
513361
512905
512913
512985
513153
512969
513153
513165
513037
513201
512965
513129
513105
513149
513261
513309
513197
513329
513325
513325
513249
513189
512981
513133
513305
513437
513341
513385
513305
513325
513241
513185
513345
513189
513265
513337
513249
513153
513441
513553
513349
513133
513153
513165
513285
513401
513353
513317
513325
513369
513469
513473
513465
513113
513081
513017
513037
513177
513253
513245
513097
513077
513181
513161
513217
513321
513401
513221
513297
513421
513301
513185
