593547
2721319
2721609
2720448
2719974
2730347
2733565
2734130
2734779
2735079
2734813
2734311
2734856
2735189
2735491
2735330
2735641
2734144
2733758
2734970
2735202
2735143
2734755
2734863
2734760
2734948
2735161
2734726
2735474
2734743
2734597
2734320
2734427
2733605
2735409
2734684
2734123
2734572
2733698
2734607
2735276
2734608
2734065
2734393
2735392
2735402
2734985
2733610
2734587
2734210
2734143
2734946
2734509
2734401
2734784
2734323
2735211
2735057
2735759
2735354
2735140
2734335
2734247
2733950
2734108
2733731
2734852
2734562
2733850
2734560
2734098
2735647
2734341
2732675
2733704
2734518
2734662
2734745
2735375
2734308
2734304
2735382
2735811
2733532
2733738
2733525
2732874
2733026
2732291
2733701
2733798
2733665
2734094
2734193
2733640
2733560
2734484
2734142
2733509
2733670
