288053
1486131
1486646
1486876
1486807
1486304
1486576
1486522
1486509
1488987
1494191
1494211
1494279
1494218
1494036
1493974
1493830
1494415
1494365
1494294
1494192
1494715
1494823
1494065
1494255
1494708
1494959
1495071
1494505
1494512
1494626
1494350
1493847
1493818
1494214
1494535
1493910
1493845
1493807
1494412
1494312
1494077
1493771
1494384
1495245
1494700
1494600
1494652
1495152
1494964
1494493
1493849
1494140
1493627
1494286
1494265
1494864
1494695
1494668
1494239
1494207
1493983
1494059
1494443
1494245
1494301
1494486
1494854
1494706
1494764
1494627
1494292
1494255
1494610
1494348
1493950
1493870
1494449
1494050
1493980
1494830
1494723
1494280
1494153
1493896
1494177
1493893
1494088
1494134
1494338
1494206
1494765
1495039
1495044
1494245
1494583
1494168
1494130
1494323
1494464
