23075
1223754
1223985
1223825
1223624
1223866
1223877
1223783
1223797
1223474
1223606
1226863
1230035
1229861
1229728
1230178
1230508
1230251
1229905
1229664
1229663
1230194
1230053
1229779
1230008
1229889
1229696
1230733
1230569
1230320
1230310
1230204
1229972
1230246
1230141
1230297
1230634
1230394
1230303
1229954
1229678
1229853
1230217
1230249
1229948
1230098
1230000
1230502
1230259
1230004
1229963
1229830
1230362
1230412
1230106
1230451
1230656
1230590
1230300
1230362
1230377
1230416
1230476
1230337
1230457
1229937
1229641
1229782
1229919
1230023
1229849
1230163
1230143
1230385
1230214
1229614
1229818
1229941
1230253
1230579
1230560
1230883
1230900
1230525
1230443
1230820
1230576
1230074
1230127
1230530
1231031
1231283
1230560
1230160
1230154
1230781
1230940
1230826
1230924
1230432
