237214
67437
224625
224569
224581
224585
224581
224621
224629
224601
224621
224629
224613
224637
224681
224661
224621
224617
224565
224561
224553
224581
224533
224577
224557
224573
224609
224753
224713
224725
224705
224685
224705
224685
224657
224661
224689
224649
224649
224661
224681
224653
224649
224649
224573
224593
224537
224553
224569
224577
224525
224497
224573
224541
224593
224585
224593
224597
224553
224649
224617
224585
224577
225937
225709
225637
225629
225669
225665
225649
225749
225773
225665
225653
225641
225641
225665
225729
225705
225653
225589
225665
225781
225721
225769
225765
225813
225717
225805
225745
225761
225805
225817
225837
225817
225753
225761
225677
225613
225637
