639526
2498774
2497990
2498576
2498783
2500542
2510222
2510522
2510685
2511370
2511211
2511339
2510933
2510957
2511065
2510893
2510016
2511323
2511164
2511214
2512201
2512326
2512121
2511082
2510772
2510547
2510554
2511449
2511049
2510713
2511526
2511686
2511964
2511407
2510755
2510988
2511076
2511259
2510790
2510476
2510827
2511316
2511730
2512040
2510509
2510005
2509204
2509440
2510502
2510186
2510389
2510624
2510065
2509803
2509766
2510192
2510292
2510099
2510601
2511487
2509779
2510097
2510776
2511137
2509810
2510043
2509108
2509703
2510845
2510444
2509791
2509808
2510473
2510851
2511935
2512068
2511572
2510105
2510286
2510744
2510792
2510983
2510717
2510576
2509627
2510351
2509475
2510367
2510848
2510334
2510991
2511547
2511764
2510910
2510122
2508807
2509067
2509650
2509648
2509885
