697354
1264172
1264227
1264132
1263955
1263975
1263865
1264391
1264612
1264778
1264843
1267764
1208249
1208540
1208177
1208468
1208146
1208472
1208577
1208833
1208946
1208603
1208646
1208136
1208125
1208218
1208351
1208413
1208137
1208024
1207960
1208094
1208186
1208032
1207976
1208530
1208501
1208491
1208646
1208326
1208518
1208418
1208569
1208384
1208187
1208270
1208774
1208439
1208298
1208372
1208378
1208235
1208497
1208355
1208599
1208555
1208434
1208356
1208687
1208337
1208615
1208551
1208327
1208592
1208331
1208674
1209131
1208793
1209003
1208849
1208988
1208946
1209037
1208881
1208910
1209085
1208685
1208834
1209489
1209113
1208959
1208667
1208958
1208731
1208382
1208857
1208706
1209051
1208733
1209018
1208682
1208338
1208375
1208486
1208694
1208631
1208839
1208687
1208595
1208805
