24801
2726660
2726514
2727452
2726794
2737415
2741865
2741699
2740696
2740529
2741175
2740606
2741655
2741373
2742006
2742386
2741935
2742435
2740563
2740699
2741290
2741824
2741350
2741064
2740851
2741289
2741650
2741857
2741838
2740785
2740859
2741150
2740075
2740164
2740514
2740643
2741068
2741334
2741032
2741080
2740857
2740381
2740313
2740361
2739585
2740702
2740404
2740828
2740525
2739912
2740640
2741054
2741504
2741171
2740127
2741083
2741438
2741246
2741139
2741209
2740354
2740943
2740684
2741461
2741710
2741588
2741934
2741461
2741162
2742036
2741888
2740431
2741514
2741953
2741437
2741849
2742076
2742058
2741552
2743118
2742404
2742825
2742506
2743619
2744130
2742679
2742341
2743876
2743197
2742882
2742219
2741524
2741714
2742501
2741679
2741174
2740941
2740724
2741773
2740709
