107163
2971993
2971134
2969718
2975156
2986566
2986849
2985876
2986030
2987399
2986299
2987258
2986480
2986971
2988201
2987128
2987154
2987426
2988045
2987794
2987726
2987295
2986350
2986609
2986433
2986252
2986310
2986975
2987540
2988393
2987520
2985956
2986343
2986565
2985327
2985723
2985876
2985074
2984993
2986205
2985751
2984920
2984211
2985882
2984163
2985281
2985116
2983838
2984869
2986090
2986603
2985549
2986623
2987069
2987603
2987396
2986619
2987621
2987446
2986354
2985487
2985235
2986751
2987091
2985057
2985294
2986308
2986067
2984780
2984556
2985019
2983876
2983753
2984338
2984188
2984968
2985913
2984867
2984062
2983550
2984854
2985152
2984897
2984616
2985277
2984525
2984918
2983857
2983681
2983787
2983243
2984290
2984123
2984285
2983374
2983244
2983936
2984458
2983477
2984009
