361185
1986630
1986604
1987182
1987932
1987449
1988234
1997076
1998325
1997870
1997750
1998236
1998993
1998602
1998619
1999206
1999567
1999534
2000204
2000290
1999556
1999281
1999133
1998846
1999423
1999432
1999528
1999309
1999193
1999351
1999781
1999977
1999866
1999918
1999587
1999697
1999462
1998996
1999113
1999146
1998680
1998788
1998674
1998027
1998927
1999462
2000339
1999103
1999565
1999963
2000375
1999537
1999343
1999449
1999078
1999263
1999834
1999843
1998936
1999608
1998967
1998502
1998341
1999340
1999177
1999129
1999311
1999456
1999068
1999374
1999081
1999092
1999845
1999885
2000171
2000104
1999875
1999331
1999791
2000495
1999628
1999694
1999360
1999867
2000289
2000970
1999944
2000289
2000217
1999986
2000341
1999503
1999672
1999988
1999795
2000183
2000097
1999424
2000702
2000471
