339273
1218748
1218787
1218377
1218357
1218923
1218498
1218741
1218191
1218389
1218324
1222125
1224907
1225377
1224346
1224529
1224731
1224395
1224832
1225121
1224609
1224616
1224694
1224755
1224781
1224880
1225195
1225274
1225579
1225822
1225685
1225235
1225102
1224814
1224419
1224292
1224595
1224107
1224525
1224919
1225175
1225437
1225298
1225400
1225539
1225470
1225482
1225405
1225260
1224763
1224969
1225326
1225780
1226008
1225796
1225763
1226069
1225630
1225734
1226172
1226111
1226312
1226575
1226212
1225864
1225946
1226068
1226379
1226044
1226133
1226212
1226088
1226176
1226256
1226337
1226155
1226321
1225953
1225891
1225791
1225556
1225630
1225421
1225926
1226219
1226008
1225258
1225659
1225779
1225902
1225642
1225351
1225671
1225719
1225946
1226190
1225902
1225886
1225575
1225711
