241462
2504086
2503926
2504389
2504631
2511820
2518846
2518787
2518662
2518786
2519496
2517507
2517511
2516872
2516025
2516291
2516051
2516703
2517716
2518019
2517251
2518337
2517486
2518354
2518206
2518811
2518375
2518209
2518188
2518424
2518323
2518750
2518072
2517394
2517624
2518265
2518046
2517531
2518443
2518559
2517956
2518615
2518513
2518048
2518168
2518393
2518129
2517532
2517801
2517722
2518214
2517045
2517232
2517032
2517445
2517931
2518326
2517731
2517858
2517806
2517489
2517089
2517645
2516849
2517266
2517712
2517783
2517555
2517103
2516978
2517356
2517150
2516146
2517480
2518476
2517607
2518044
2517460
2517258
2516896
2517087
2516806
2516591
2516186
2517929
2518569
2518339
2518447
2517667
2517394
2518416
2518318
2518073
2518769
2518730
2519235
2518617
2518261
2518028
2517853
