391924
2211654
2211717
2211940
2212323
2211980
2219348
2223568
2223554
2223460
2224148
2224252
2224393
2225728
2225178
2225287
2225096
2225149
2224490
2224119
2224173
2224597
2224518
2223891
2223844
2224522
2225433
2226623
2226984
2225198
2225671
2224551
2223903
2223199
2223347
2224011
2224068
2224285
2224125
2223806
2223479
2223264
2224203
2223194
2224453
2225011
2225528
2225339
2224426
2224008
2224529
2224800
2224703
2224722
2225684
2226343
2225433
2224974
2224513
2224712
2225401
2224320
2224596
2224617
2224680
2223573
2223847
2224068
2223602
2223569
2223758
2223696
2223878
2223610
2223951
2224691
2225055
2223770
2222768
2223792
2223444
2223249
2222711
2223161
2222648
2223043
2222631
2224355
2224468
2223928
2223644
2224318
2223717
2223762
2224195
2223821
2223815
2223733
2224520
2224628
