516851
1515439
1516133
1515947
1515710
1515314
1515470
1515865
1515802
1520309
1523131
1523648
1523330
1522767
1523137
1523262
1523744
1523958
1524023
1523670
1523756
1523606
1523824
1524406
1524812
1524598
1524196
1524086
1524068
1524005
1524396
1525019
1524963
1525380
1525410
1525243
1525850
1525468
1525034
1525220
1524851
1524573
1524452
1524181
1523681
1524176
1524575
1524035
1524428
1524607
1524262
1524580
1524489
1524532
1524326
1524328
1524659
1524586
1524482
1524540
1524325
1524099
1524450
1524491
1524392
1523990
1523902
1523988
1524281
1524311
1524541
1524085
1524309
1524711
1524457
1524578
1524601
1524304
1524519
1524546
1524397
1524551
1524661
1524673
1524933
1524962
1524358
1524526
1524127
1524074
1524521
1524762
1524650
1524688
1524502
1524631
1524217
1524237
1524168
1524272
