533439
1259540
1259135
1259339
1260153
1260117
1260344
1260055
1259695
1259774
1259815
1263449
1266511
1265894
1266513
1267079
1267416
1266587
1266535
1266562
1266545
1266577
1266525
1266542
1266503
1266415
1266494
1266455
1266758
1266622
1266616
1266890
1267256
1267095
1266974
1266973
1266717
1267042
1266909
1266922
1267374
1267217
1266850
1266625
1266810
1266681
1266841
1266770
1266921
1266821
1267014
1266373
1266794
1266801
1267226
1267089
1267286
1267570
1267291
1267334
1267650
1267535
1267597
1267666
1267260
1267108
1267120
1267140
1267219
1267078
1267401
1266950
1267170
1267007
1266755
1266797
1266698
1266882
1266805
1266414
1266230
1265686
1265911
1266670
1266489
1266561
1266567
1266558
1266185
1265752
1266066
1266436
1266517
1266041
1266035
1266179
1265933
1265975
1266336
1266534
