2224541
2212369
2212545
2213188
2212259
2212918
2218570
2224327
2224039
2223802
2223789
2224495
2224093
2224717
2224369
2224456
2224163
2223984
2224068
2223784
2223932
2223273
2223872
2223643
2223802
2223810
2223972
2223386
2223417
2223324
2223255
2223294
2223250
2223271
2223916
2224251
2223409
2224364
2224342
2223594
2223849
2223549
2223970
2223694
2224064
2223561
2223432
2223589
2223132
2223051
2223515
2223531
2223456
2223064
2222820
2222712
2223460
2223591
2223748
2222700
2222984
2222876
2223568
2223599
2222978
2222832
2222854
2222485
2223815
2223636
2224243
2224038
2223391
2224275
2223170
2223230
2223241
2223378
2223434
2224617
2224209
2223942
2223663
2223626
2223460
2223011
2223761
2224131
2223654
2224283
2223787
2222429
2221803
2222183
2220831
2221453
2221435
2220831
2221418
2221809
