236666
31510
229589
229557
229505
229501
229489
229493
229533
229565
229461
229445
229469
229405
229385
229465
229509
229489
229449
229441
229461
229457
229513
229465
229457
229513
229493
229537
229553
229537
229497
229469
229497
229473
229513
229517
229485
229461
229401
229365
229469
229561
229465
229345
229465
229517
229513
229481
229449
229437
229549
229557
229497
229489
229521
229397
229405
229353
229377
229453
229441
229417
229537
231501
230685
230641
230677
230705
230789
230849
230809
230801
230741
230789
230749
230773
230785
230737
230761
230793
230757
230805
230785
230793
230801
230841
230813
230809
230793
230705
230785
230837
230805
230873
230777
230737
230773
230713
230677
230733
