46792
1482953
1482794
1482842
1482802
1482766
1483266
1483088
1483231
1485898
1490540
1490522
1490606
1490475
1490396
1490380
1490507
1490623
1490190
1489888
1489929
1490301
1490788
1490077
1490150
1490197
1490352
1489968
1489791
1489461
1489248
1489585
1489844
1489700
1489753
1489823
1489990
1489743
1489556
1489692
1489579
1489624
1490080
1489649
1489208
1488787
1489097
1488968
1489163
1489432
1489515
1489916
1489715
1489436
1489749
1489578
1489904
1489648
1490150
1489771
1489692
1488981
1489203
1489595
1489768
1489791
1489911
1489491
1490164
1489992
1489311
1489706
1490346
1490206
1490369
1490462
1489818
1490142
1490199
1490757
1490564
1489428
1489964
1490028
1490592
1490885
1490514
1490648
1490583
1490566
1490148
1490160
1490433
1490180
1490147
1489979
1489539
1489590
1489756
1489291
