514438
3452199
3452074
3452524
3469682
3471675
3470419
3470374
3470008
3470073
3470244
3471183
3471651
3471070
3470954
3471539
3470223
3470326
3470747
3470197
3470314
3469707
3470832
3470744
3470383
3470493
3470565
3471814
3471668
3472220
3471339
3471789
3471553
3471412
3471242
3471328
3471807
3471574
3472015
3470954
3471075
3470145
3470197
3470251
3471205
3471298
3470513
3470498
3470568
3470088
3471503
3470827
3470537
3470729
3471130
3471411
3472132
3470792
3470255
3470197
3470047
3470600
3471835
3470716
3471213
3470334
3470453
3470261
3470830
3470967
3471081
3470486
3469534
3469888
3470187
3471146
3471065
3470491
3469923
3470632
3470340
3470973
3471328
3472229
3470495
3471464
3470629
3470144
3472078
3470141
3470299
3470272
3470372
3469546
3469745
3469144
3470170
3469983
3469305
3470146
