2974259
2987667
2987651
2987023
2991861
3008485
3007658
3007512
3009527
3007975
3008834
3008925
3008171
3007820
3008484
3007739
3008121
3008172
3008428
3008992
3008642
3009670
3009175
3008897
3009194
3009186
3008639
3009168
3009704
3009687
3010948
3010461
3010138
3008614
3009500
3009427
3009166
3009797
3009461
3010514
3009900
3009186
3009397
3010544
3009939
3009289
3009229
3009395
3008327
3008319
3009460
3008103
3009275
3009055
3008440
3007694
3007863
3008206
3008327
3007715
3008235
3007443
3007965
3008359
3008818
3007757
3008185
3008979
3008079
3007630
3008483
3009327
3010256
3008763
3008344
3009202
3008312
3007505
3007546
3006962
3007732
3008098
3008886
3010427
3008366
3007368
3007016
3007290
3006549
3007235
3007115
3008110
3008696
3008621
3008176
3007596
3008222
3009391
3009246
3009212
