146930
3725885
3725067
3728651
3743314
3745634
3744003
3744966
3746147
3745460
3743807
3744501
3744783
3744233
3744866
3745595
3743962
3744099
3744412
3745561
3744518
3743996
3745262
3746198
3745029
3745039
3744634
3744372
3746428
3744097
3744137
3743366
3743052
3742840
3743221
3744981
3745114
3745299
3745858
3744854
3744890
3744423
3744881
3745948
3745572
3745916
3745990
3746330
3745734
3746040
3745501
3745142
3745097
3745446
3745171
3745337
3744119
3744049
3743978
3744123
3742881
3743093
3742717
3743411
3743184
3743209
3742941
3744008
3743422
3743724
3744537
3744885
3744133
3743756
3744546
3743753
3744407
3744885
3745819
3745708
3742136
3742485
3743695
3744586
3745385
3744050
3742695
3743113
3743653
3743759
3746193
3745469
3744982
3744165
3744582
3746056
3744664
3743577
3742661
3742372
