670273
3443649
3442938
3443882
3456795
3460517
3460499
3460097
3460556
3460783
3460441
3461036
3461484
3460976
3460994
3461823
3462589
3462021
3461710
3462407
3462122
3461448
3461963
3461048
3461062
3461351
3460003
3461635
3461408
3461420
3461713
3461079
3461005
3459920
3459352
3460068
3460575
3460756
3460903
3461077
3461251
3461164
3460302
3459343
3459864
3461703
3460701
3460403
3460417
3460600
3460965
3461006
3460438
3460450
3460207
3460325
3461193
3460868
3461036
3459866
3459393
3459924
3459796
3460081
3459767
3460255
3460787
3460577
3460715
3459688
3459659
3460024
3460424
3460600
3460343
3459633
3457914
3458463
3457900
3457828
3459112
3459562
3460219
3460398
3461502
3460390
3460614
3461995
3461227
3460823
3460679
3460531
3460650
3460199
3459830
3460149
3460037
3459702
3459673
3459892
