163598
226009
225933
225821
225925
225977
225941
225945
225869
226009
225989
225885
225909
225973
226001
226017
225981
226017
226041
226021
226169
226201
226121
226141
226133
226133
226105
226081
226025
226013
226041
225981
225949
226085
226025
226085
226049
226057
225993
225961
225921
225925
225937
225933
225965
225837
225885
225869
225873
225889
225881
225789
225957
225969
225949
225981
226037
225957
225993
225989
226077
226057
226037
227249
227265
227205
227213
227141
227109
227205
227233
227133
227137
227197
227221
227141
227189
227177
227185
227177
227121
227161
227157
227149
227085
227217
227081
227049
227177
227249
227209
227205
227173
227201
227141
227153
227201
227189
227197
227277
