3219990
3210692
3210009
3210525
3219197
3225963
3226390
3226997
3227406
3227378
3227424
3229138
3228141
3229204
3228079
3228551
3230267
3229981
3230150
3229907
3230431
3229665
3229536
3228550
3228729
3228682
3228812
3229617
3229460
3229843
3229467
3229784
3230941
3230210
3229939
3229541
3230658
3231324
3230414
3230888
3231784
3231360
3230519
3230189
3230034
3230294
3230511
3230311
3230419
3230662
3230457
3230196
3230808
3231031
3230183
3229934
3230938
3230721
3230731
3230920
3229184
3229810
3231088
3230962
3231338
3231156
3230846
3231569
3230242
3230577
3231220
3231074
3229500
3229340
3229595
3229667
3228792
3229892
3229030
3229685
3228122
3230211
3229628
3228504
3229103
3229701
3229417
3228368
3229144
3230074
3230014
3230830
3229236
3230831
3229496
3229998
3229928
3228878
3229573
3230291
