36642
2713744
2714026
2714212
2714257
2726600
2729636
2729881
2729883
2729308
2729593
2729441
2729801
2730307
2730121
2728867
2729279
2729163
2730428
2731496
2728516
2728410
2729487
2729692
2729998
2729491
2728979
2729195
2727827
2727871
2728727
2728257
2728274
2727444
2726168
2727222
2727615
2728546
2728588
2727495
2727723
2727202
2726415
2726532
2727679
2728200
2729113
2727895
2726942
2727938
2727907
2727617
2727471
2728164
2727823
2727435
2727406
2727108
2727371
2727548
2727582
2727995
2727866
2727828
2726378
2726765
2728038
2727246
2728195
2728054
2728215
2728797
2727542
2726745
2727402
2727793
2727977
2727911
2728727
2728404
2727839
2728905
2729224
2729306
2729734
2728508
2728090
2728763
2727464
2727849
2727579
2727099
2727011
2727392
2727692
2728140
2728296
2728760
2726962
2726666
