50782
57284
57264
54347
57256
57288
57260
57280
57268
57296
57272
57260
57280
57288
57284
57308
57268
57296
57276
57284
57292
57276
57272
57260
57264
57252
57268
57272
57264
57256
57260
57268
57272
57256
57284
57260
57268
57268
57276
57268
57268
57264
57272
57268
57264
57256
57252
57272
57264
57284
57276
57264
57260
57268
57280
57284
57272
57272
57272
57260
57272
57276
57268
57264
57260
57256
57256
57264
57264
57252
57264
57288
57252
57260
57276
57260
57284
57252
57268
57260
57256
57236
57260
57256
57264
57264
57284
57284
57280
57276
57292
57288
57304
57328
57324
57304
57296
57304
57316
57320
