467863
1712578
1712699
1713228
1712779
1712591
1713098
1713119
1720607
1721717
1721309
1721298
1721536
1721978
1722485
1721751
1721301
1721106
1720828
1720887
1721036
1721478
1720938
1721080
1721874
1721899
1721020
1721761
1722055
1721594
1721478
1722130
1722437
1721987
1722197
1722738
1722009
1722165
1722332
1721995
1722160
1721924
1721706
1721705
1721969
1722070
1721813
1721707
1722481
1722534
1722574
1722699
1722720
1722779
1722575
1721987
1721874
1721570
1722080
1722227
1722098
1722091
1722851
1722544
1722226
1722255
1722040
1722345
1722006
1722272
1721866
1722677
1722985
1722763
1723173
1722932
1723101
1723731
1722519
1722863
1723652
1723086
1722174
1722542
1722663
1722526
1721977
1722379
1722528
1722925
1722767
1722408
1722989
1722785
1722026
1722397
1722169
1722179
1722519
1722282
