611752
1713545
1713131
1713560
1713400
1713383
1713450
1713366
1719264
1722640
1722847
1722992
1723193
1722255
1722699
1722400
1722185
1722028
1722040
1722052
1722176
1722297
1722369
1722400
1722605
1722576
1722153
1722372
1721943
1722261
1722148
1722485
1721852
1722170
1721988
1721964
1721893
1721657
1721844
1722202
1721672
1721604
1721814
1722073
1722356
1722633
1722384
1722128
1722639
1723029
1722764
1722828
1722552
1722164
1722384
1722819
1722664
1722335
1722394
1722224
1722650
1722462
1722731
1723191
1723380
1722879
1723093
1722796
1722519
1722291
1722464
1723017
1722407
1722519
1722848
1722626
1722948
1722584
1722493
1723622
1723344
1722860
1722307
1722357
1722313
1722815
1722953
1723059
1722783
1722454
1722474
1723020
1722787
1722567
1722376
1722563
1722840
1721815
1721767
1721836
