169745
744195
744413
744135
744084
743979
744023
743827
744018
744129
744172
744361
744369
744452
744056
743972
744016
743776
743821
746811
747744
747911
748026
748339
748116
747955
748111
748171
748033
748015
747908
747999
747933
747667
747730
747636
747628
747721
747753
747735
747665
747701
747963
747803
747809
747747
747608
747847
747815
747667
748012
748071
748038
747955
747894
748079
748354
747927
748026
748117
748177
748037
748105
748212
748228
748253
748091
748047
748003
747906
747945
747998
747990
747886
748011
747870
747700
747942
747967
747912
747728
747883
747424
747735
747927
747912
747852
747975
747789
747652
747797
747832
747939
747877
747938
748021
747862
747903
747683
747875
