588312
957868
958034
957956
957748
957646
957633
957448
957632
957862
957884
957667
957713
957552
957665
963410
962838
962876
962816
962889
962844
963004
962906
963023
963055
963041
962823
962789
962801
962773
962819
962590
962843
963054
963121
963319
962962
962815
962733
962784
962838
962871
962610
962378
962693
962619
962797
962798
962742
962698
962546
962753
962994
962752
962613
962873
962734
962629
962596
962339
962361
962875
962622
963006
962920
962950
963221
963161
963104
962974
962414
962795
963002
962961
962947
962811
962875
962706
962850
962676
962396
962737
962621
962558
962699
962632
962433
962261
962293
962248
962434
962600
963239
962958
962845
962788
962495
962145
962154
962249
