738665
729657
729458
729649
729276
729325
729382
729088
729331
729393
729633
729185
729358
729409
729709
729632
729811
730084
734207
733710
733574
733423
733669
733637
733779
733655
733679
733678
733602
733832
733674
733429
733630
733664
733386
733477
733350
733611
733666
733544
733315
733144
733278
733320
733062
733375
733473
733679
733596
733646
733333
733239
733506
733448
733395
733568
733657
733434
733402
733364
733434
733440
733001
733269
733218
733423
733340
733435
733304
733477
733450
733293
733311
732799
732935
732840
732751
732579
732936
732824
732606
732488
732667
732769
732519
732798
732912
732778
732889
733131
733138
732832
732792
732688
732795
732692
732738
732470
732709
732785
