3717798
3761559
3760374
3766629
3781930
3780260
3781382
3782081
3781192
3779114
3779808
3779864
3779246
3778465
3779222
3780350
3779704
3780266
3779277
3779480
3778920
3779056
3779306
3779404
3779760
3780854
3781241
3780214
3779842
3779867
3779426
3779440
3781038
3780838
3781735
3781680
3780878
3781638
3781641
3780694
3780453
3781034
3781560
3781277
3781710
3780927
3780270
3780384
3780960
3781656
3781963
3780872
3781699
3781307
3781080
3781078
3780062
3778014
3778380
3779270
3779280
3779994
3780362
3779924
3779868
3778190
3777910
3777953
3778050
3777635
3779174
3779754
3778858
3778360
3779610
3778950
3779396
3779526
3780648
3780344
3779818
3779954
3779994
3779909
3779298
3780494
3780264
3779978
3780014
3779128
3779774
3778419
3778864
3779578
3779102
3777096
3778755
3779670
3780956
3779370
