2226219
2206394
2206627
2207337
2206836
2206761
2215545
2219605
2219591
2218721
2218729
2220733
2220085
2219670
2220565
2220868
2221000
2221354
2221351
2221101
2221054
2220969
2220177
2219944
2220560
2220769
2220405
2219510
2219781
2219514
2219207
2219277
2220381
2220411
2219380
2219388
2218341
2218768
2218919
2218630
2218557
2218032
2217946
2218326
2218700
2217986
2218130
2217867
2219240
2219139
2218459
2218200
2218763
2219154
2218724
2217761
2217988
2218584
2218009
2217972
2218445
2218153
2218801
2218394
2218472
2219304
2219208
2219086
2219637
2218772
2218283
2217700
2218240
2218975
2218784
2218582
2219325
2218170
2217704
2218211
2219027
2218874
2218934
2219076
2218154
2218328
2218587
2218565
2218925
2219709
2219264
2218701
2219434
2218320
2217997
2219345
2220284
2220381
2219696
2219360
