384966
2716118
2714971
2715063
2715982
2725395
2730345
2730662
2729789
2730124
2730568
2730033
2729094
2729121
2729464
2729409
2730221
2729929
2729293
2729552
2730343
2730843
2730528
2729130
2729877
2729527
2728559
2729599
2729386
2728061
2728245
2728419
2728561
2728202
2727761
2728292
2728843
2727238
2727155
2727788
2728985
2729164
2728463
2727759
2728640
2728848
2728864
2729259
2729206
2729220
2729910
2730220
2729956
2729204
2728509
2729685
2729989
2729576
2730212
2729723
2729218
2729040
2729629
2730805
2730709
2730003
2728725
2729867
2729957
2730121
2729361
2730251
2729387
2729144
2729910
2729180
2729188
2729030
2728929
2728937
2728729
2729825
2729072
2729568
2730033
2729917
2729725
2730674
2729273
2728921
2728952
2729112
2728640
2729770
2729763
2728341
2728697
2728533
2729038
2729793
