349776
510570
510586
510686
510670
510630
510690
510506
510522
510598
510670
510458
510586
510558
510634
510690
510502
510506
510286
510382
510510
510446
510494
510322
510338
510422
510346
510458
513658
513186
513238
513282
513178
513146
513150
513170
512794
513074
513026
513138
513118
513122
513106
513118
513006
513082
513118
512922
513142
513130
512914
512990
513082
513254
513182
513058
513078
513222
513298
513218
513214
513218
513162
513258
513314
513246
513198
513294
513194
513282
513198
513106
512978
513162
513106
513098
512950
512998
513038
512898
512994
513138
512934
513034
513074
513086
513174
513142
513258
513090
512998
513102
513118
513278
513006
513094
513138
513118
512918
513034
