88986
3724031
3723346
3723845
3740785
3740382
3740795
3742937
3741858
3741180
3742099
3742056
3742240
3742084
3741384
3740731
3741062
3741467
3741924
3741661
3740396
3740310
3739709
3738254
3740289
3740777
3741111
3741044
3741036
3741060
3740937
3742259
3742895
3742198
3742038
3743148
3742208
3742813
3743362
3743052
3742859
3743817
3741971
3741899
3741129
3741796
3741662
3741224
3741397
3742126
3743141
3742844
3742429
3742012
3742461
3742018
3741299
3741541
3741817
3742798
3742404
3741580
3741526
3741530
3740849
3742489
3742580
3743551
3742783
3743470
3742501
3744456
3743309
3742896
3742518
3741740
3741935
3742382
3742011
3742983
3742313
3742646
3742086
3742677
3741213
3741523
3740573
3741504
3742765
3743792
3743475
3742787
3741398
3741240
3741485
3741112
3741240
3740666
3741409
3741202
