41604
3214415
3213908
3215193
3225734
3231787
3231781
3230923
3230421
3231086
3230989
3230622
3230753
3231228
3230907
3232480
3232644
3232156
3232449
3230154
3231037
3230607
3230592
3230852
3231017
3230566
3230540
3230258
3229763
3231306
3232040
3231203
3231715
3232205
3231711
3231375
3231771
3231535
3230967
3231166
3231560
3231277
3231880
3233434
3232320
3233207
3234343
3233352
3233608
3234008
3232735
3232571
3233253
3233575
3233300
3233160
3232613
3232963
3232433
3234235
3233220
3233205
3233161
3233567
3233898
3234083
3232165
3230301
3230556
3232175
3232223
3232080
3231851
3231745
3231107
3231586
3231645
3231763
3231790
3231822
3231902
3231356
3230664
3230376
3230590
3229814
3230706
3230494
3231457
3230655
3231021
3231124
3231592
3232538
3232397
3232182
3231743
3232646
3232034
3232614
