382375
1510016
1510110
1510519
1509740
1509776
1510098
1510337
1510393
1515386
1517593
1518242
1518007
1517896
1517800
1518716
1518826
1518703
1517981
1518024
1517667
1517463
1517338
1517764
1517465
1517934
1518421
1518281
1517795
1517884
1518114
1517872
1518295
1518144
1518754
1518975
1518642
1518810
1518595
1518911
1518312
1518793
1518391
1518307
1518345
1518264
1518822
1518660
1519669
1519189
1518652
1518516
1518216
1518455
1518537
1518215
1518606
1518029
1519168
1519632
1519240
1518742
1518846
1519292
1519379
1519240
1519275
1518700
1518714
1518879
1519028
1519096
1518820
1519103
1519059
1519362
1519222
1519681
1519038
1518665
1519099
1519003
1519230
1518869
1518612
1518968
1518833
1519088
1518487
1518277
1518257
1518138
1518651
1518880
1518467
1518328
1518399
1518028
1517665
1517786
