398770
3228549
3228117
3228618
3241978
3246617
3246955
3248118
3249151
3249329
3247417
3247434
3248665
3249147
3248668
3249700
3250234
3248909
3248819
3248179
3249554
3248771
3248961
3248662
3248163
3249079
3249721
3248279
3249123
3249789
3249480
3249103
3249827
3248642
3249393
3249436
3250000
3248550
3248187
3248971
3248119
3247882
3248721
3249598
3248686
3248784
3248109
3248947
3248532
3248723
3248128
3248309
3247840
3248041
3248739
3248300
3248410
3247804
3247821
3248241
3248167
3248324
3248009
3247578
3246540
3247937
3247730
3246925
3247174
3247935
3247285
3247627
3247183
3247777
3247681
3246991
3246625
3246020
3246397
3246386
3247281
3246650
3246522
3246978
3248765
3248129
3247747
3247419
3246526
3246316
3247033
3246875
3247158
3246909
3247343
3248020
3247325
3248034
3247032
3247441
