127451
1708188
1708385
1708882
1708706
1708633
1708201
1708723
1714081
1717195
1717052
1717081
1716781
1717133
1717381
1717212
1717482
1717331
1717329
1717322
1716966
1716585
1717266
1717035
1717431
1717884
1717475
1717116
1716525
1716372
1717004
1717490
1717231
1717371
1717190
1717112
1717227
1717089
1717423
1717498
1717551
1717402
1717553
1717184
1717217
1717914
1717718
1717473
1717586
1717531
1717140
1717326
1717437
1717768
1717465
1717198
1717682
1717523
1717687
1717917
1717614
1717433
1717349
1717460
1717629
1717370
1717303
1717554
1716934
1716788
1716715
1717129
1717414
1717475
1718628
1719059
1717922
1717224
1717197
1716606
1716397
1716351
1715863
1716765
1717677
1717188
1717330
1717224
1717251
1716850
1717302
1717190
1716814
1716686
1716862
1716857
1718083
1717603
1718234
1717553
