439528
1968427
1968420
1968981
1968287
1968643
1968806
1980277
1979604
1979071
1979464
1979365
1978874
1978979
1979375
1979439
1980478
1980378
1980137
1979986
1979671
1979836
1980327
1979983
1979392
1978928
1978931
1979473
1979656
1978708
1979329
1979713
1980257
1979407
1979783
1980225
1979438
1979657
1979306
1979330
1979730
1980106
1980058
1979255
1979110
1979630
1979102
1979131
1980276
1980651
1981163
1980485
1980719
1980367
1980061
1979421
1979680
1979715
1979485
1980353
1980257
1980016
1979640
1979258
1979014
1979299
1980275
1980473
1979722
1979850
1979717
1980201
1980202
1980325
1980008
1979824
1979597
1979834
1979690
1980387
1980397
1980339
1980631
1980121
1978874
1979899
1980287
1979917
1979720
1979445
1980429
1981019
1980878
1981491
1980118
1979998
1980738
1981134
1980743
1980372
