50019
55520
55528
55532
55508
55508
55496
40077
55516
55528
55508
55516
55508
55528
55504
55540
55528
55528
55492
55500
55480
55488
55496
55488
55472
55476
55500
55488
55500
55504
55504
55520
55504
55516
55492
55476
55488
55536
55500
55500
55492
55484
55488
55476
55472
55512
55524
55540
55524
55504
55504
55516
55504
55520
55544
55536
55516
55524
55544
55504
55512
55520
55516
55520
55508
55528
55500
55508
55520
55524
55520
55512
55524
55500
55516
55520
55512
55516
55512
55492
55500
55488
55512
55508
55524
55524
55524
55516
55504
55500
55500
55492
55492
55496
55496
55488
55488
55480
55508
55512
