513398
1008222
1008342
1008215
1007896
1007804
1007898
1007922
1007699
1007833
1007733
1007748
1007850
1007745
1012896
1013037
1012901
1013168
1013053
1013010
1013319
1012840
1012706
1012989
1012857
1012953
1013317
1013486
1013446
1013375
1013371
1013567
1013210
1013180
1013249
1012941
1012980
1012981
1012896
1013113
1013183
1013422
1013398
1013505
1013218
1012854
1013176
1013381
1013111
1013364
1013408
1013094
1013278
1013233
1013572
1013412
1013320
1013311
1013263
1013156
1013170
1013123
1013216
1013359
1013448
1013384
1013793
1013392
1013409
1013734
1013750
1013875
1014020
1014298
1013944
1013423
1013485
1013638
1013862
1013651
1013372
1013388
1013362
1013245
1013495
1013407
1013615
1013534
1013497
1013572
1013100
1013267
1013239
1012917
1012991
1012974
1012740
1012946
1013354
1013598
