508655
3712057
3712160
3716172
3733553
3733581
3733026
3732348
3732794
3732641
3732405
3731829
3732246
3731793
3732405
3734033
3733497
3733267
3734806
3735303
3735732
3735696
3735537
3734558
3735712
3735691
3734948
3734600
3734873
3735104
3734892
3736416
3735518
3734576
3734398
3735932
3737880
3737899
3737394
3737020
3737025
3736560
3735719
3735762
3735325
3733482
3734312
3735205
3735562
3734920
3734789
3734978
3736425
3735373
3734047
3734737
3734961
3735785
3735330
3735690
3736089
3735227
3734474
3734931
3735764
3735856
3735876
3735961
3734061
3734867
3736158
3734957
3735597
3735759
3736991
3736062
3735868
3736856
3737893
3736473
3735415
3736427
3735806
3735288
3735365
3736555
3736484
3736421
3734972
3734445
3735772
3735012
3735438
3735711
3736210
3735226
3735389
3735124
3735363
3734607
