662649
3464822
3464591
3464250
3480825
3482364
3481252
3481578
3482205
3481740
3481249
3480745
3481240
3480748
3481261
3481336
3480618
3480479
3481318
3481511
3480853
3480504
3479251
3481153
3480760
3482183
3481355
3481096
3480268
3480274
3480394
3480217
3482261
3482348
3481662
3481241
3480629
3480495
3480354
3480092
3480376
3481423
3481881
3482568
3482513
3482673
3481553
3481989
3481856
3481191
3480881
3480870
3481723
3480524
3480524
3480032
3480537
3481199
3480540
3482673
3483340
3483092
3482058
3482496
3482824
3484481
3483526
3482904
3482481
3481035
3484033
3482799
3482301
3482121
3482210
3481301
3481020
3482760
3484212
3482725
3482165
3482700
3482876
3482964
3482309
3482105
3482586
3483793
3482708
3482029
3480929
3482728
3482945
3481653
3482553
3481973
3482588
3481728
3482748
3482356
