50854
36226
57388
57372
57352
57368
57392
57392
57388
57376
57360
57372
57376
57384
57396
57380
57380
57368
57372
57368
57372
57376
57380
57400
57364
57352
57368
57384
57376
57376
57376
57376
57364
57368
57364
57356
57352
57352
57344
57344
57336
57348
57372
57368
57368
57360
57376
57364
57364
57360
57384
57384
57376
57364
57356
57376
57368
57376
57356
57360
57364
57360
57352
57360
57352
57356
57356
57348
57344
57392
57380
57380
57356
57368
57372
57376
57380
57356
57356
57372
57364
57372
57364
57364
57364
57352
57356
57352
57348
57364
57352
57348
57352
57344
57344
57340
57348
57356
57340
57356
