123884
2957097
2958025
2958520
2961322
2972862
2973767
2973412
2973926
2975561
2976070
2974822
2973760
2974678
2973901
2972602
2972262
2973050
2973321
2972913
2973416
2973372
2973302
2971582
2971903
2972309
2972555
2972471
2972270
2972126
2971835
2971406
2971075
2971389
2971652
2971052
2971619
2973859
2973940
2973639
2972177
2971943
2972924
2971649
2972666
2972474
2973141
2973589
2972936
2972900
2973528
2973161
2974828
2973995
2974569
2974378
2972211
2971816
2972273
2973619
2973002
2972915
2973408
2973274
2973669
2974402
2973939
2973438
2973614
2973564
2973631
2973604
2973220
2973421
2972438
2973927
2974639
2974309
2973382
2973790
2973143
2973376
2973529
2973513
2973220
2972509
2972709
2972817
2972387
2972900
2972884
2973187
2972028
2971402
2970930
2972226
2972351
2973097
2974138
2973035
