763812
971763
971673
971735
972043
972214
972144
972098
972139
971829
971886
972007
971860
971912
971644
977500
976733
976875
976671
976860
976778
977134
976490
976804
976612
976431
976393
976783
976940
977066
977121
977011
976830
976637
976884
976717
976741
976897
977082
977047
977083
976683
976667
976885
976863
977127
976918
976913
977038
977128
977141
976945
976937
976878
977177
977357
977085
977223
977129
976961
976809
976734
977066
977022
976908
977145
977153
977135
977342
976953
976727
976535
976625
976690
976664
976418
976590
976831
976621
976708
976454
976889
977224
977012
976353
976555
976550
976661
976433
976655
976345
976633
976541
976643
976573
976563
976455
976595
976854
976565
