213267
482285
482149
482324
482339
482421
482269
482357
482195
482199
482132
482207
482374
482221
482136
482134
482036
482197
482219
482074
482100
482128
482335
482156
482284
482251
482097
481958
484472
484436
484615
484754
484681
484658
484584
484700
484618
484720
484767
484567
484813
484675
484638
484428
484500
484410
484460
484650
484573
484532
484436
484471
484571
484447
484344
484410
484519
484555
484755
484736
484715
484780
484643
484690
484735
484781
484824
484835
484690
484729
484778
485006
484992
484903
485240
485008
485115
485051
485185
485212
485111
484987
485030
484958
485011
484998
485142
485110
485000
484914
484997
485065
485111
485064
484996
484971
485086
485203
485114
484906
