707687
1233278
1233296
1233299
1233597
1233070
1233260
1233429
1233469
1233233
1233349
1236548
1240030
1239817
1239524
1239472
1239971
1239972
1239709
1239420
1239581
1239757
1239602
1239616
1239512
1239509
1239409
1239752
1239691
1239484
1239210
1239267
1239177
1238989
1238915
1238962
1238961
1239047
1239347
1239171
1238971
1238906
1239113
1239234
1239654
1239411
1239206
1239129
1239338
1239268
1239520
1239398
1239445
1239538
1238872
1238864
1238503
1238703
1238881
1238630
1239040
1238959
1238617
1238862
1238716
1238952
1239100
1238924
1238850
1239152
1238923
1239116
1239853
1239404
1238757
1239001
1238597
1238747
1239125
1238983
1238956
1238844
1238454
1238728
1238741
1238419
1238576
1238628
1238687
1238284
1238569
1238609
1238324
1238585
1239102
1239098
1238944
1238630
1238206
1238114
