273875
3509088
3510336
3513605
3530580
3529386
3529199
3529296
3529658
3529823
3530548
3529027
3530401
3531105
3530154
3528816
3529091
3529030
3527156
3527169
3528589
3527618
3527549
3527776
3527903
3529237
3528615
3529049
3529368
3529576
3529927
3531726
3531577
3530291
3529928
3530668
3531648
3531031
3530719
3530248
3529757
3531230
3531182
3531971
3532441
3532435
3532988
3531919
3531885
3530892
3530111
3530640
3530474
3529407
3529745
3532033
3531698
3530400
3530342
3529215
3528761
3531134
3529467
3529031
3529330
3529093
3528887
3528881
3529170
3529050
3528592
3529398
3532061
3531171
3531027
3530407
3530866
3530888
3529266
3530704
3530421
3530529
3529104
3528331
3528692
3529217
3529090
3529716
3531234
3530920
3530857
3531022
3530287
3530901
3530814
3529821
3531174
3530266
3530437
3531731
