50702
53120
53128
53140
53124
53128
53132
53128
53132
53112
53120
53136
53124
53128
53124
53136
53148
53128
53120
53104
53100
53128
53116
53108
53108
53116
53120
53136
53148
53156
53140
53124
53124
53124
53132
53112
53096
53120
53112
53108
53108
53128
53120
53100
53108
53100
53112
53120
53108
53100
53100
53104
53100
53112
53092
53096
53100
53096
53096
53100
53092
53100
53108
53100
53096
53136
53112
53124
53124
53112
53104
53132
53128
53128
53128
53136
53116
53152
53128
53120
53132
53116
53136
53124
53112
53112
53144
53116
53124
53116
53116
53112
53136
53136
53116
53120
53140
53140
53156
53140
