2231125
2227544
2227085
2226640
2225713
2225890
2238611
2238253
2239262
2239105
2240230
2240070
2240108
2240180
2240953
2240329
2239746
2240526
2240514
2240039
2239990
2239328
2239200
2239758
2239520
2238158
2238846
2238745
2238961
2239346
2239562
2239864
2239726
2239748
2240372
2240145
2239798
2239701
2239332
2240382
2240834
2240315
2240431
2240378
2240633
2241224
2240794
2240380
2239178
2238518
2238352
2238325
2239240
2240452
2239832
2239672
2239538
2239478
2240492
2241553
2240422
2239492
2239120
2239772
2239204
2239534
2239450
2239058
2238908
2239152
2239040
2238077
2238624
2239190
2239182
2238938
2239496
2239376
2239684
2240112
2240660
2240998
2240352
2240202
2240297
2241876
2240904
2239404
2240219
2239880
2239910
2239392
2239844
2240534
2239988
2239370
2240326
2239984
2240221
2239138
