53958
51312
51312
51280
51276
51272
51292
51300
51308
51312
51320
51324
51304
51288
51296
51288
51288
51312
51292
51292
51264
51268
51300
51324
51292
51312
51288
51284
51332
51292
51284
51288
51316
51316
51316
51304
51280
51308
51308
51296
51264
51292
51284
51280
51284
51276
51280
51296
51332
51320
51312
51308
51296
51288
51300
51288
51296
51312
51288
51284
51268
51272
51280
51268
51280
51284
51276
51268
51268
51284
51288
51296
51308
51304
51312
51312
51300
51300
51304
51316
51316
51320
51300
51288
51300
51300
51272
51288
51284
51296
51276
51308
51284
51316
51288
51308
51268
51304
51320
51300
