88472
1261115
1261033
1260943
1261047
1260928
1261106
1261177
1260924
1261028
1260986
1264090
1267386
1268067
1268342
1268275
1267787
1267331
1267159
1267922
1267782
1267699
1267562
1268031
1267528
1267612
1267625
1267646
1267834
1267469
1267814
1268256
1268506
1268152
1267698
1268258
1267724
1267799
1268085
1268411
1268039
1267672
1267796
1267775
1268176
1268381
1267930
1267553
1268347
1267523
1267414
1267514
1267453
1267468
1267773
1267969
1268497
1269081
1268457
1267989
1268314
1267820
1267856
1267761
1267930
1268036
1267677
1267541
1267347
1267387
1267314
1267497
1267334
1267918
1268272
1268346
1268234
1267206
1267499
1267310
1266965
1267215
1267352
1267542
1267699
1267591
1267455
1267378
1267821
1267831
1267670
1267884
1268006
1267473
1267415
1267753
1267568
1267616
1267297
1267133
