485170
2718745
2719318
2719997
2719634
2729792
2733206
2734095
2733492
2734324
2734726
2734256
2733718
2732673
2734018
2733352
2734285
2734228
2733424
2733788
2732867
2733182
2732833
2733702
2733255
2733594
2733427
2733654
2734563
2733582
2734310
2734975
2734840
2734350
2733976
2733710
2735277
2734388
2736340
2735742
2737102
2735996
2734649
2735473
2735777
2736038
2735498
2735292
2735459
2735651
2734910
2735125
2735440
2736222
2736612
2735060
2735112
2736375
2736026
2736840
2735332
2736092
2735738
2736830
2735223
2735419
2735486
2736314
2735460
2734152
2734408
2735168
2735517
2736444
2735971
2734922
2735880
2734751
2735077
2736269
2734391
2734585
2734738
2735026
2735412
2734631
2735131
2734265
2734506
2734633
2734990
2735807
2735532
2736541
2734748
2734427
2734441
2734421
2734465
2734726
