237253
223484
13597
223568
223528
223600
223568
223616
223560
223576
223600
223536
223636
223644
223616
223736
223580
223604
223612
223616
223636
223492
223512
223480
223568
223580
223652
223652
223640
223636
223604
223620
223568
223624
223624
223640
223616
223600
223536
223540
223548
223552
223524
223496
223468
223580
223472
223540
223560
223572
223584
223500
223580
223568
223540
223516
223508
223480
223460
223536
223556
223548
223552
225348
224720
224696
224712
224712
224776
224816
224684
224784
224784
224716
224668
224664
224672
224720
224592
224672
224668
224616
224572
224644
224644
224696
224640
224680
224692
224756
224716
224736
224680
224792
224768
224720
224668
224688
224716
224704
