236774
230241
27496
230193
230289
230261
230257
230301
230313
230345
230301
230281
230273
230321
230313
230317
230245
230301
230333
230385
230293
230237
230241
230225
230241
230205
230217
230245
230289
230201
230181
230253
230245
230285
230209
230157
230105
230169
230161
230133
230197
230177
230169
230141
230245
230265
230257
230217
230213
230117
230113
230105
230161
230189
230213
230301
230237
230273
230245
230313
230325
230257
230209
231525
231357
231337
231397
231361
231353
231233
231301
231365
231413
231389
231377
231345
231409
231373
231369
231345
231397
231481
231405
231441
231429
231553
231465
231513
231401
231453
231409
231501
231437
231421
231453
231489
231485
231489
231477
231453
