3965112
3999324
3998963
4007917
4019838
4019707
4020035
4020201
4021530
4020985
4021015
4022174
4021457
4022221
4021635
4020654
4021024
4020357
4019683
4020219
4018934
4020097
4019429
4020751
4019444
4020395
4020286
4020131
4019671
4020230
4020488
4018861
4019721
4022330
4021531
4020789
4020806
4020004
4021043
4021154
4021883
4020320
4018997
4019431
4018896
4017530
4020082
4019278
4019368
4019649
4021658
4021561
4019330
4018696
4019271
4018278
4019420
4020504
4019230
4019357
4019425
4020346
4020256
4021167
4021941
4021244
4019578
4019559
4020523
4019950
4020065
4020576
4020623
4019468
4019486
4018341
4019116
4018522
4018939
4018935
4019457
4018226
4018728
4020450
4018641
4018979
4019852
4019113
4020211
4018983
4018755
4019857
4019587
4019307
4020590
4019938
4017902
4019380
4021230
4020947
