76837
222889
222957
222993
223001
222905
222949
222921
222937
222957
222973
223001
222953
222893
222909
222949
222913
222921
222965
223005
222969
222937
222953
222989
222961
222973
222985
222913
222949
223033
222993
223045
222949
223025
223069
222989
222973
222973
222993
222993
223033
223089
223013
223069
223053
223021
222957
222929
222957
222969
222993
223005
223045
222993
223121
223065
223101
223025
223045
223053
223009
223009
222989
224549
224153
224157
224209
224209
224149
224117
224217
224125
224069
224073
224125
224157
224177
224161
224197
224193
224257
224193
224185
224237
224253
224177
224165
224185
224121
224225
224093
224177
224165
224173
224173
224261
224189
224161
224165
224113
