264863
2766587
2766405
2766256
2766131
2719071
2781531
2782164
2783754
2721664
2721263
2782969
2720904
2782945
2782170
2719627
2781558
2780810
2780965
2780638
2780293
2779736
2780556
2780983
2782082
2780810
2781400
2781548
2782042
2781527
2783183
2782163
2782689
2720711
2720993
2720602
2720441
2782221
2719734
2782144
2782520
2720995
2720982
2720954
2720636
2782743
2782217
2781630
2781592
2782626
2720572
2719802
2781368
2781118
2781762
2781654
2781936
2781839
2720195
2782197
2783234
2720078
2782013
2781594
2782447
2719942
2781573
2780885
2781285
2782794
2782514
2783132
2783201
2721197
2722145
2721336
2721365
2782801
2783189
2720669
2720940
2721679
2721843
2721411
2720511
2783203
2782792
2783337
2721800
2721605
2720722
2721067
2720535
2782602
2782954
2782821
2720641
2720835
2720667
2782805
