444201
1014487
1014495
1014596
1014930
1015092
1014888
1014808
1014702
1014911
1014810
1014666
1014610
1014542
1019686
1020101
1020048
1019888
1019838
1020044
1019968
1019978
1020064
1020226
1020389
1020423
1019908
1020167
1020247
1020402
1020081
1020100
1020191
1020030
1020478
1020709
1020187
1020027
1020350
1020861
1020409
1020716
1020505
1020361
1020455
1020274
1020278
1020444
1020135
1020277
1019990
1019924
1020040
1019971
1020319
1020123
1020160
1019987
1020240
1020420
1020705
1020830
1020368
1020556
1020628
1020360
1019993
1019507
1019442
1019412
1019605
1019658
1019433
1019582
1020143
1019635
1019438
1019454
1019524
1019688
1019482
1019635
1019549
1019516
1019514
1019603
1019812
1019878
1019590
1019540
1019108
1019399
1019508
1019666
1019449
1019299
1019559
1019637
1019534
1019709
