146116
3750615
3750262
3756205
3771658
3772883
3772766
3771858
3773172
3771260
3771247
3771166
3768727
3769648
3772288
3771634
3770144
3770646
3771640
3771284
3770962
3772674
3773388
3772136
3771944
3772380
3771851
3770725
3772296
3772744
3772438
3769434
3771832
3772632
3771864
3772418
3772106
3771440
3770507
3769496
3770271
3770941
3771554
3770884
3771084
3770259
3769315
3769474
3770122
3771900
3771164
3770530
3770567
3769746
3771283
3772410
3771212
3770550
3770812
3770870
3770674
3771744
3771232
3772478
3771100
3768719
3769239
3769955
3770157
3770652
3771266
3770810
3771959
3771320
3770048
3769208
3769812
3769794
3770662
3769689
3770080
3769570
3770728
3769946
3769828
3769118
3770390
3771495
3772170
3771198
3770842
3771434
3771766
3772940
3773280
3772083
3771968
3771054
3771918
3773700
