430029
1743227
1743243
1742951
1742616
1743242
1742706
1742572
1750008
1756188
1756406
1756446
1756215
1756380
1756034
1755902
1755529
1756165
1755937
1756578
1756038
1756071
1755687
1756782
1757285
1757487
1757061
1757265
1757065
1757083
1756974
1756746
1757245
1756912
1756665
1756780
1756401
1756483
1756510
1755392
1756184
1757285
1756208
1755677
1756053
1756101
1755394
1755460
1755258
1755313
1755772
1755693
1755628
1755890
1756163
1755869
1756339
1756238
1756927
1756696
1756186
1756207
1756047
1756198
1756249
1756450
1756253
1756670
1756337
1755672
1756226
1755786
1755680
1755602
1756255
1755778
1755847
1755988
1755511
1756084
1755552
1755507
1755328
1756578
1756127
1756141
1755898
1755587
1755769
1755498
1755904
1756011
1756037
1756455
1756257
1756507
1756127
1756187
1755824
1755914
