236810
58545
274821
274849
274813
274777
274881
274857
274817
274929
274873
274801
274869
275073
275017
274965
275017
275061
275045
275145
275209
275113
275005
274973
275065
274953
274849
274897
274861
274885
274801
274789
274877
274957
275005
274849
274961
274861
274993
274925
274997
274949
274873
274865
274985
275029
274981
275013
274949
274937
274933
277913
276357
276285
276297
276365
276317
276385
276393
276445
276493
276433
276457
276401
276469
276497
276385
276393
276349
276325
276281
276201
276205
276293
276237
276181
276181
276241
276265
276277
276273
276261
276321
276409
276229
276389
276269
276257
276381
276381
276341
276377
276389
276393
276313
276337
276409
276397
276377
276505
