33317
3245110
3245315
3245225
3254453
3260946
3262170
3262920
3262232
3262227
3261792
3261059
3260915
3261462
3262434
3262750
3262622
3262264
3263026
3262744
3263172
3263192
3262784
3263256
3262314
3262956
3263939
3264334
3263886
3264582
3263874
3262936
3263658
3262376
3262943
3263016
3263498
3263368
3263970
3264350
3265239
3263914
3263962
3264877
3264274
3264211
3263607
3263501
3264324
3265123
3264136
3263920
3263876
3263988
3264635
3264558
3263048
3264000
3263514
3263270
3262988
3264130
3263430
3263013
3262910
3261920
3263028
3262324
3262698
3262650
3262581
3264290
3262670
3264896
3263828
3263474
3263668
3263204
3263878
3263734
3263600
3263622
3264224
3264350
3264644
3262568
3263742
3262998
3262270
3262846
3263216
3263406
3263568
3263210
3264876
3264613
3264581
3263522
3263574
3262918
