557362
1461248
1461015
1461178
1461687
1462261
1461861
1461841
1461579
1462974
1468662
1468983
1468655
1468820
1468342
1468721
1468908
1468904
1469322
1469317
1469524
1468464
1469113
1469267
1468864
1469114
1469170
1469557
1469650
1469728
1469715
1468974
1468614
1468816
1469138
1469435
1468868
1469134
1468796
1469113
1469169
1469019
1469283
1469600
1468844
1469332
1468937
1469376
1468955
1469093
1469174
1469378
1469391
1469063
1469156
1469829
1469399
1469616
1470251
1469789
1469807
1470020
1470092
1470262
1469925
1470246
1470482
1470090
1469860
1469996
1470305
1470264
1470219
1470352
1469643
1469369
1469944
1469989
1469975
1469865
1470163
1469989
1469579
1469771
1469761
1469667
1469708
1470053
1469847
1469773
1470212
1470037
1470147
1469826
1469885
1469616
1469305
1469444
1469233
1469339
