240942
267530
267534
267546
267502
267414
267362
267358
267386
267410
267434
267414
267474
267398
267374
267362
267442
267430
267338
267414
267370
267342
267310
267302
267274
267270
267322
267326
267346
267430
267302
267310
267358
267298
267278
267326
267318
267310
267490
267362
267402
267454
267526
267474
267362
267358
267318
267338
267382
267386
267402
269978
268882
268898
268946
268974
268990
269022
269002
269130
269070
269062
269070
269010
268950
268982
268994
269062
269022
269022
268910
268870
268894
268990
268970
268946
268950
268942
268998
269034
269030
268990
268966
268946
268986
268974
269042
269022
268966
269014
268894
268926
268890
269030
268926
268942
268994
269002
268998
268986
