3969971
4015586
4014886
4028275
3974354
3976511
3976294
3976065
3976197
3976015
3975604
3976007
3976623
3976182
3976211
3976024
3975585
3974154
3977927
3975754
3974778
3975798
3976209
3976195
3976432
3975976
3977070
3976715
3977235
3978058
3977736
3979345
3978433
3977852
3978295
3977720
3976991
3976263
3976142
3978586
3977902
3977461
3977882
3976113
3977692
3977211
3977070
3976763
3976790
3977841
3976950
3977354
3978467
3979313
3977286
3976842
3976113
3975882
3975965
3976622
3978474
3978813
3976986
3978506
3977476
3977848
3977649
3977396
3977796
3977117
3978434
3979574
3976794
3976384
3976305
3975807
3976418
3977615
3976771
3978843
3978496
3977345
3977024
3977581
3977134
3976762
3977154
3976496
3977481
3976283
3977135
3977677
3976473
3976563
3977594
3977131
3979183
3978855
3977179
3978659
