550630
743947
743827
743815
743807
744081
744024
744011
744277
744229
744157
744139
744043
743864
743941
743744
743841
743930
744090
746232
748253
748135
748132
748059
748189
747841
748077
748311
748463
748409
748054
748045
748220
748081
748077
748060
748228
748093
748016
748225
748012
747942
748009
747888
747800
748073
747979
747904
748059
748172
748148
748032
748133
748124
748167
748180
748356
748361
748292
748250
748482
748786
748744
748705
748477
748375
748363
748300
748291
748523
748726
748796
748309
748444
748156
748121
748207
748419
748288
748000
748373
748171
748235
748247
748236
748419
748223
748315
748382
748481
748442
748260
748265
748580
748487
748524
748401
748100
748075
748209
