439707
487391
487519
487323
487299
487219
487143
487139
487083
487215
487343
487187
487075
487095
487215
487247
487311
487359
487223
487315
487339
487335
487463
487347
487263
487071
487211
487415
487243
487103
487259
489251
489503
489599
489495
489423
489579
489599
489555
489479
489635
489623
489515
489551
489667
489755
489811
489699
489763
489599
489551
489791
489711
489523
489623
489499
489687
489859
489799
489627
489663
489491
489555
489583
489591
489567
489475
489595
489523
489327
489395
489379
489455
489467
489375
489555
489535
489519
489443
489559
489571
489667
489611
489859
489751
489651
489827
489691
489643
489639
489643
489615
489587
489531
489571
489535
489655
489571
489723
489647
