732225
2731701
2731961
2731778
2731201
2738693
2745265
2745031
2744898
2744160
2744668
2744634
2744524
2743984
2744405
2744770
2743967
2743479
2743369
2743471
2744147
2744865
2744830
2743768
2743318
2743200
2743666
2743837
2743932
2743541
2743594
2743996
2743953
2743674
2745295
2743954
2744581
2745044
2744225
2745024
2744324
2744684
2744429
2745048
2744143
2744345
2745271
2744276
2744463
2744419
2744404
2743476
2743792
2744912
2744345
2745257
2744971
2744565
2744112
2745088
2744619
2745403
2744972
2744806
2744563
2744220
2744298
2743991
2744053
2744737
2744964
2744091
2745262
2744829
2744805
2744302
2744593
2744569
2745191
2744668
2744766
2744073
2744904
2744633
2744616
2745508
2745141
2745002
2744366
2744883
2744644
2743675
2744537
2746048
2746221
2745276
2745109
2745151
2744867
2744944
