367029
3707955
3708628
3708041
3723219
3725250
3724930
3725698
3727455
3725851
3726132
3725705
3724841
3725142
3725096
3726544
3726835
3725436
3726026
3726952
3725520
3723560
3723884
3724204
3724211
3723223
3723175
3722339
3724964
3724842
3723943
3724632
3724640
3724210
3725314
3724505
3724184
3725063
3725505
3725332
3725097
3724924
3725304
3725182
3724656
3725648
3725160
3724888
3725102
3725140
3725626
3725565
3726733
3725612
3725473
3724583
3725191
3726167
3726385
3726234
3727680
3727384
3727380
3726225
3725719
3726428
3725670
3725575
3727064
3727096
3727080
3725919
3726515
3726989
3725552
3724699
3726527
3725970
3726095
3726313
3725668
3724423
3724619
3725343
3726832
3726221
3725440
3724924
3725835
3724906
3725440
3725645
3724536
3725011
3726629
3726062
3724618
3722708
3724056
3724666
