421442
1499232
1499524
1500016
1499812
1500004
1499464
1499464
1499564
1499488
1506800
1506912
1506976
1506940
1506812
1507268
1506628
1506432
1506808
1506320
1506400
1506492
1506540
1506824
1506492
1506344
1506104
1506624
1506976
1506640
1507056
1507384
1507272
1506716
1506556
1506836
1506728
1506684
1506800
1506468
1506960
1507592
1508052
1508048
1507396
1507300
1507188
1506856
1506840
1506964
1507116
1507008
1507304
1507144
1507956
1507840
1507492
1506764
1506960
1507084
1507064
1506852
1506928
1507096
1507140
1506872
1507256
1507296
1506856
1506584
1507032
1506924
1506976
1507564
1507416
1507284
1507224
1506668
1506676
1507220
1507512
1507576
1507732
1507624
1507468
1506900
1507056
1507336
1507024
1507240
1507432
1507560
1507420
1507672
1507792
1507544
1507212
1507116
1506788
1506544
