827282
1699332
1699734
1700080
1699776
1699290
1699616
1699481
1702595
1708205
1708210
1708650
1708302
1708391
1707915
1708089
1708603
1707631
1708089
1708506
1708493
1708523
1708205
1708566
1708515
1708637
1708354
1708331
1708445
1708455
1708758
1708650
1708508
1708887
1710025
1709211
1708423
1708200
1708828
1709123
1708997
1708681
1708587
1708950
1708512
1708768
1708044
1707826
1708266
1708412
1708266
1708327
1708417
1708195
1708423
1708393
1708463
1708686
1708666
1708362
1708447
1708929
1708875
1709237
1708762
1708882
1708948
1709256
1708578
1708409
1708206
1708219
1708884
1708748
1709380
1708758
1709127
1709158
1708846
1708477
1708558
1708124
1708577
1708663
1708216
1708269
1708270
1707178
1706611
1706833
1706446
1707470
1707442
1706898
1706687
1706715
1706913
1706416
1706523
1706561
