653718
3224847
3224094
3224170
3232481
3242216
3242033
3242253
3242570
3242760
3241008
3241296
3241718
3240500
3240290
3240656
3241890
3242532
3242176
3242436
3243605
3243836
3242634
3241316
3242472
3242168
3243316
3242036
3240692
3239900
3240158
3241168
3241050
3241534
3240715
3240280
3240960
3240248
3241594
3241742
3242832
3243014
3240916
3242042
3241866
3242232
3241632
3241568
3241876
3242482
3242342
3241592
3241566
3241647
3241770
3241020
3240982
3240693
3241894
3241470
3240529
3241058
3241590
3241834
3241174
3242142
3241200
3242222
3241715
3240048
3239328
3241184
3240368
3241076
3241852
3241252
3241576
3240930
3240782
3240978
3240446
3241674
3241642
3242702
3243056
3241872
3241573
3242860
3242387
3241930
3241476
3240716
3240168
3240054
3241338
3241268
3240118
3241066
3241810
3241234
