574221
3951581
3951096
3954802
3969259
3970224
3971804
3972738
3971944
3972855
3973065
3972577
3972709
3971202
3970267
3970570
3969374
3970223
3970006
3970447
3971584
3971241
3971864
3971132
3971471
3971306
3972402
3971144
3970794
3970693
3970727
3971750
3971634
3971785
3971223
3971858
3972615
3970563
3971262
3973010
3972499
3972581
3972170
3971914
3972044
3972246
3972383
3973149
3972391
3972233
3972494
3970967
3970135
3970375
3969899
3971538
3971607
3970477
3971026
3970858
3972139
3971415
3970094
3969502
3969376
3970043
3969360
3970367
3969970
3969558
3970894
3970055
3969086
3971415
3970763
3970166
3970346
3970390
3970363
3971123
3969842
3971025
3970887
3970460
3970603
3969982
3970550
3971899
3971599
3971929
3971551
3973243
3973837
3972075
3973084
3972586
3970906
3970679
3970998
3970020
