840470
2472784
2471392
2471373
2472086
2472192
2484809
2485294
2485814
2486077
2485576
2485395
2485742
2485722
2485326
2485586
2485826
2486020
2485889
2485574
2485652
2485907
2486230
2486310
2486418
2486316
2486679
2487219
2486512
2486945
2487100
2486906
2486036
2485353
2485594
2486162
2486224
2485427
2485334
2485573
2485345
2485699
2485537
2485254
2485539
2485607
2485717
2485339
2484525
2484941
2484763
2485305
2486623
2487345
2487177
2486899
2486055
2485121
2485311
2485881
2485720
2484832
2486023
2486200
2485695
2486060
2485801
2486872
2486098
2486526
2486866
2486551
2486293
2484801
2484817
2484825
2485049
2484178
2484900
2484084
2483829
2483912
2485207
2484887
2485117
2483831
2484314
2484541
2483399
2483879
2484052
2484222
2484618
2485186
2484992
2484973
2484837
2484914
2485081
2485626
