484662
50137
472552
472532
472544
472580
472604
472580
472468
472472
472360
472356
472436
472580
472460
472416
472368
472716
472684
472704
472656
472508
472532
472584
472588
472664
472632
472636
472644
472708
472780
474756
474912
474832
474752
474916
474824
474900
474832
474868
474824
474848
474820
474752
474680
474816
474688
474916
474980
474884
474872
474956
475112
475036
475036
474948
474756
474636
474592
474664
474712
474980
474808
474716
474928
474740
474720
474628
474680
474848
474808
474904
474740
474752
474884
474836
474644
474596
474544
474540
474520
474560
474484
474580
474660
474724
474828
474884
474832
474656
474640
474680
474660
474628
474676
474780
474696
474688
474560
474768
