953009
3480622
3480461
3480670
3491616
3498205
3499023
3498050
3497462
3497189
3497286
3497154
3496916
3498890
3500036
3499482
3499178
3499494
3500005
3499482
3499770
3500044
3499107
3497738
3497852
3497494
3498558
3498699
3499009
3498434
3497880
3499189
3499578
3499461
3498814
3498755
3499218
3498746
3498755
3498559
3498270
3497477
3499006
3497126
3497150
3498438
3498338
3498341
3499879
3500426
3498702
3499002
3499257
3499304
3499831
3500415
3499658
3499474
3499158
3499370
3500041
3499531
3498244
3498077
3499462
3498190
3498164
3497553
3497926
3497956
3498890
3498562
3497681
3498818
3498252
3498836
3498445
3498574
3499830
3498354
3499610
3501446
3501685
3500655
3500671
3500984
3499856
3500034
3499959
3499995
3500022
3499214
3499042
3499078
3500512
3499497
3498935
3499255
3498517
3498339
