586769
3936783
3937693
3940661
3956471
3957532
3956965
3955638
3956244
3956341
3957343
3957462
3958272
3957601
3956996
3955565
3955761
3954642
3953856
3954762
3955467
3955884
3955605
3956000
3955577
3955125
3954176
3955272
3954757
3955512
3955199
3956037
3955265
3955172
3955938
3954851
3954740
3954584
3954865
3953702
3954587
3955683
3955126
3955659
3954697
3953767
3954536
3955302
3953862
3955336
3955469
3955406
3955207
3953909
3954194
3954890
3956453
3957226
3955774
3955531
3956442
3956473
3957228
3956428
3956017
3957277
3957206
3956182
3956229
3955650
3956056
3956735
3956033
3956366
3955393
3955489
3954623
3955822
3956072
3957021
3957308
3958150
3958466
3957102
3957491
3958257
3957442
3956040
3955933
3956080
3956235
3956373
3956975
3957621
3957392
3958518
3957228
3957372
3957833
3957503
