855083
1733733
1733418
1733645
1733781
1733487
1733623
1733374
1736654
1742161
1742098
1741458
1741699
1742296
1742447
1742087
1742040
1741895
1741650
1741631
1741637
1741374
1741567
1741850
1741347
1741195
1741446
1741394
1740937
1741956
1741857
1741707
1741719
1742329
1742234
1741761
1741922
1742456
1742299
1742387
1741741
1742389
1741879
1741448
1742085
1742238
1742138
1742328
1742689
1742457
1742401
1742303
1742433
1741917
1741398
1741865
1742138
1742128
1741949
1742146
1742079
1741777
1741813
1741779
1741623
1741954
1742080
1741918
1742246
1741944
1741788
1742056
1741931
1742405
1741999
1741779
1741597
1742087
1742137
1741926
1741996
1741869
1741433
1740445
1741420
1741265
1741823
1741818
1741808
1741941
1742411
1742121
1742681
1742118
1742563
1742614
1742761
1741970
1742078
1742235
