31543
3473580
3474647
3472264
3484703
3490497
3490382
3489879
3488861
3489334
3489362
3489147
3489267
3489095
3490177
3489803
3489062
3489631
3491119
3490339
3490180
3490019
3489967
3489598
3488551
3489118
3491064
3490132
3490945
3491422
3490275
3489687
3489300
3489311
3490034
3490652
3489644
3488710
3488878
3488378
3489086
3488873
3488481
3489176
3489630
3488993
3489311
3488989
3490771
3490076
3490478
3488782
3488717
3488950
3488806
3488627
3489026
3488027
3487720
3488148
3489252
3489631
3488919
3488443
3489057
3488936
3490549
3489907
3489470
3489468
3488948
3489940
3488987
3489216
3488977
3488996
3490310
3489582
3490001
3490463
3490431
3490455
3488690
3490733
3490283
3488657
3488890
3489845
3490299
3489206
3489493
3490300
3488846
3488642
3488093
3489337
3488513
3488562
3488072
3488696
