539307
707725
707941
707573
707609
707677
708109
708265
708065
707933
707669
707769
707785
708241
708145
707949
707673
707833
707669
707673
707677
711233
711013
710993
710913
710909
711129
711317
711381
711273
711249
711077
711369
711425
711389
711217
711053
711181
711065
711209
711149
711393
711273
711089
711173
711169
711137
711081
711269
711081
711241
711457
711473
711469
711373
711481
711109
711157
711105
711229
711005
711333
711169
710893
710937
711281
711361
711345
711441
711261
711149
711241
711413
711413
711633
711605
711533
711517
711649
711333
711241
711157
711321
711617
711733
711557
711833
711773
711769
711537
711321
711349
711705
711813
711917
712017
711769
711625
712045
712053
