983686
2711452
2711187
2711663
2711096
2716865
2723904
2723362
2724034
2724634
2724845
2724335
2724548
2724416
2723699
2724589
2725293
2724948
2724312
2724529
2725052
2724756
2724602
2724682
2725062
2725232
2725026
2725902
2725639
2726130
2724876
2724881
2724674
2724849
2725048
2723797
2723723
2723960
2724405
2723682
2723911
2723424
2723876
2723683
2722999
2723058
2723431
2724398
2724132
2724099
2725523
2723496
2724278
2724802
2724606
2724823
2725662
2725456
2725208
2724748
2725018
2724756
2724161
2724181
2724391
2725195
2724543
2724629
2724738
2723673
2724122
2724026
2724386
2724273
2723211
2724356
2724008
2723641
2724539
2725033
2724752
2724007
2724250
2724205
2724186
2723934
2724086
2723584
2724465
2724161
2723943
2724916
2725330
2724879
2724405
2724829
2724585
2724819
2724240
2724390
