711440
1004902
1004942
1004950
1004902
1004698
1005146
1005106
1005094
1004786
1004882
1004830
1004958
1004962
1004950
1010258
1009794
1009682
1009742
1010134
1009618
1009566
1009806
1009518
1009486
1009546
1009618
1009554
1009566
1009474
1009378
1009558
1009366
1009166
1009402
1009394
1009462
1009494
1009366
1009342
1009470
1009610
1009386
1009498
1009638
1010066
1009994
1009786
1009618
1009682
1009578
1009638
1009398
1009618
1009614
1009630
1009498
1009634
1009658
1009094
1009522
1009302
1009254
1009478
1009710
1009546
1009982
1009550
1009446
1009326
1009158
1009234
1009614
1009278
1009490
1009802
1009258
1009502
1009642
1009958
1009742
1009758
1009782
1009422
1009406
1009426
1009838
1009618
1009326
1009670
1009594
1009450
1009378
1009590
1009374
1009882
1009630
1009362
1009170
1009506
