796019
3728933
3731932
3729856
3746082
3747503
3749678
3748970
3749300
3747506
3749480
3749206
3750444
3748904
3748469
3749556
3749934
3748886
3749682
3750048
3749418
3749732
3749088
3748890
3748389
3747156
3747482
3747220
3747996
3747686
3747252
3749262
3748480
3748794
3747490
3747614
3747006
3747628
3746359
3748066
3746536
3746105
3746230
3747856
3747531
3747064
3746700
3747121
3746726
3746060
3746720
3744806
3744508
3745724
3745857
3745954
3746476
3746574
3747050
3745488
3747738
3745887
3745826
3745304
3747826
3746764
3746184
3745852
3746229
3746244
3746351
3746239
3745896
3747034
3747576
3747282
3747486
3747783
3747784
3748500
3747292
3747348
3748226
3747343
3747666
3746998
3748498
3747828
3747214
3746908
3747632
3747983
3746825
3746388
3746878
3747526
3747252
3747132
3747158
3746270
