903732
2237346
2237587
2237240
2237623
2237339
2238420
2247039
2246622
2245967
2246491
2246519
2245848
2245867
2246947
2246975
2246463
2246083
2246356
2246545
2246651
2246743
2246102
2246070
2246141
2246337
2246060
2245775
2245657
2245851
2245800
2245849
2246177
2246700
2246635
2246971
2246947
2246180
2246891
2247291
2246644
2246659
2247059
2246748
2246635
2246419
2246322
2246728
2246472
2247602
2247946
2247902
2247583
2247503
2247320
2246587
2246442
2247103
2247364
2247295
2246815
2247276
2247197
2246668
2246567
2246114
2246399
2245687
2246131
2245813
2245925
2245771
2245977
2246364
2246043
2245600
2245902
2246474
2246346
2246536
2245445
2246357
2246711
2246975
2247089
2246519
2246303
2246329
2246584
2247107
2246395
2245865
2247503
2246700
2247359
2246879
2246503
2246215
2246223
2246423
