904682
3940396
3941242
3944555
3958790
3958658
3959591
3960327
3959605
3960221
3961689
3960667
3960915
3960607
3960932
3960559
3960011
3960799
3962134
3962426
3960652
3961084
3960911
3960793
3960588
3959920
3958746
3959976
3959088
3959674
3959628
3959464
3961087
3959888
3958567
3959483
3959957
3959965
3958924
3958752
3959519
3958700
3958983
3959432
3959234
3959470
3960588
3961061
3960056
3960743
3961596
3960981
3960353
3960555
3960262
3960580
3961264
3960842
3960227
3960333
3959947
3960179
3959505
3960057
3958271
3958242
3958559
3958787
3958640
3958919
3959917
3959312
3961184
3960686
3960925
3959632
3961076
3960923
3961588
3961302
3961499
3961004
3961084
3959709
3959155
3959957
3960623
3961541
3962738
3961294
3961367
3960337
3960601
3961380
3962047
3961540
3961296
3962031
3961332
3961210
