914974
3950452
3949144
3953937
3970244
3969157
3967912
3969301
3970062
3968784
3969296
3968689
3967859
3968388
3967538
3968214
3968715
3967824
3968410
3967672
3969072
3967945
3969430
3968368
3969508
3968177
3969112
3968697
3969240
3969306
3969565
3969396
3969413
3966702
3967074
3965022
3966262
3968136
3967640
3968276
3970475
3970574
3969861
3969197
3970641
3969608
3970816
3970269
3969923
3969316
3968385
3968340
3967670
3969032
3970507
3971520
3970016
3969224
3968195
3966562
3967470
3967878
3969527
3970179
3968928
3966736
3966956
3966318
3966990
3967798
3969241
3970640
3970294
3971301
3972831
3972729
3972869
3972255
3971191
3971387
3971291
3970942
3970591
3971317
3972480
3972718
3972016
3968039
3967514
3969607
3968520
3970290
3968478
3968384
3968432
3968219
3967383
3968535
3967520
3969060
