487413
3186657
3186098
3186865
3192367
3203117
3202260
3202367
3202524
3203631
3202036
3203311
3203285
3203716
3202969
3203212
3204332
3203804
3203246
3202966
3203787
3203230
3204379
3204506
3203972
3202270
3203599
3203531
3203826
3203976
3203258
3203143
3203581
3203750
3202599
3202800
3203129
3203181
3204153
3204625
3204253
3203523
3204757
3204833
3203273
3203458
3203404
3203191
3202908
3203742
3203620
3202427
3202667
3203281
3203397
3203073
3202475
3203070
3202264
3204397
3203737
3202900
3202443
3203045
3203489
3203189
3203735
3204055
3204245
3204795
3203559
3203547
3202969
3203495
3202357
3201858
3202107
3202327
3202027
3202525
3201860
3203732
3202824
3201707
3202539
3202898
3202321
3202829
3202219
3201956
3202087
3202490
3200960
3201415
3201764
3202091
3202440
3202744
3202323
3202065
