125159
703995
703807
703919
704235
704287
703979
703923
703927
704007
703975
703727
703715
703827
703699
703939
703891
703899
704043
703995
704035
708043
707367
707359
707155
707287
707403
707315
707407
707647
707663
707695
707871
707943
707923
707663
707599
707739
707695
707783
707615
707863
707823
707879
707867
707779
707679
707647
707843
707839
707871
707731
707579
707587
707375
707531
707567
707663
707619
707851
707699
707691
707631
707699
707663
708067
707967
707867
708155
708387
708395
708303
708171
708091
708015
707875
707867
707983
707963
708147
708175
707911
707819
707831
707775
707711
707743
707759
707423
707711
707979
707983
707699
707623
707759
707695
707715
707823
707999
707963
