53639
60260
60248
60244
60264
60272
21683
60260
60268
60264
60260
60264
60268
60252
60268
60260
60256
60216
60236
60236
60212
60240
60252
60248
60248
60256
60224
60252
60260
60240
60252
60252
60244
60236
60244
60248
60220
60248
60256
60272
60260
60252
60220
60220
60212
60224
60228
60260
60232
60232
60232
60248
60252
60264
60228
60232
60216
60220
60236
60268
60256
60252
60228
60240
60220
60220
60232
60220
60208
60208
60224
60224
60236
60244
60236
60240
60228
60220
60236
60244
60252
60264
60264
60268
60236
60264
60228
60244
60216
60232
60244
60232
60252
60232
60272
60256
60272
60244
60240
60228
