618746
3205898
3205267
3205283
3210440
3221916
3221649
3222834
3222157
3221651
3221314
3222046
3221801
3220662
3221433
3221774
3220442
3220795
3220500
3220463
3220207
3222050
3222033
3221959
3221353
3221001
3221370
3220798
3221986
3222137
3222043
3221374
3220998
3221846
3220443
3219970
3219734
3220999
3220779
3220811
3221658
3221845
3221025
3221228
3221366
3220821
3220504
3221131
3220840
3220587
3219741
3220223
3220190
3219455
3219859
3219347
3219210
3219034
3219309
3218919
3220008
3219218
3218817
3219003
3219147
3218599
3218678
3219034
3220365
3220037
3219677
3221252
3221344
3220824
3219817
3220204
3219663
3219573
3218855
3218246
3219966
3219001
3219074
3219484
3219181
3220400
3220306
3219826
3220238
3220897
3220294
3221360
3221678
3220287
3219977
3220177
3220805
3221054
3221760
3220428
