50541
61043
61039
61059
61047
61047
61059
61091
61083
61079
61059
61071
61051
61051
40550
61083
61051
61047
61043
61051
61051
61043
61051
61035
61063
61039
61055
61083
61063
61055
61055
61055
61051
61071
61071
61067
61063
61047
61063
61047
61035
61039
61035
61035
60999
61035
61059
61075
61063
61071
61083
61047
61055
61051
61075
61075
61079
61067
61039
61055
61035
61055
61047
61031
61043
61039
61059
61071
61063
61055
61039
61035
61031
61027
61051
61067
61047
61051
61047
61059
61055
61071
61059
61059
61055
61019
61039
61043
61039
61027
61039
61047
61051
61063
61051
61055
61067
61051
61027
61043
