334797
1227290
1227539
1228082
1227974
1227385
1227308
1227226
1227323
1227586
1227437
1227539
1234338
1233928
1233915
1233818
1233917
1233623
1233754
1233602
1233703
1233812
1233950
1233983
1233978
1233860
1234026
1234391
1234446
1234141
1233793
1233855
1234456
1234148
1233933
1233971
1233686
1234022
1234077
1233916
1234090
1234008
1234065
1233930
1233905
1233526
1233922
1233986
1233845
1233665
1233453
1233404
1233884
1234404
1234025
1233830
1234109
1234311
1233994
1234440
1235023
1234521
1234456
1234210
1234622
1234418
1234246
1234000
1233681
1233947
1234106
1234301
1235022
1234966
1235151
1234436
1234317
1234305
1234463
1234236
1234435
1234373
1234502
1234496
1234281
1234378
1234332
1234577
1234824
1234658
1234753
1235341
1234983
1234934
1234707
1234610
1234516
1234937
1234397
1234039
