882635
1999510
1999682
2000046
1999866
1999090
1999366
2002422
2008358
2008826
2009222
2008234
2008550
2009086
2008686
2008398
2008078
2008638
2008362
2007954
2007810
2007766
2008110
2008546
2008758
2008342
2008338
2009110
2008998
2009134
2008730
2008290
2008182
2008942
2008686
2008394
2008554
2008950
2008866
2008554
2009242
2009550
2009494
2009230
2008906
2008802
2008938
2009570
2009806
2009218
2008906
2008742
2008682
2008682
2007910
2008074
2009114
2009258
2010010
2009654
2009506
2009074
2009214
2009302
2008746
2008454
2008994
2008710
2009294
2009702
2009458
2009182
2009270
2009010
2009754
2009994
2009582
2009078
2009106
2008934
2008390
2008182
2007758
2007514
2008138
2008094
2008770
2007842
2007698
2007686
2007926
2008114
2008122
2008502
2008250
2008026
2008230
2008410
2008650
2008078
