830295
1960127
1960481
1960253
1960536
1960440
1960923
1964423
1969811
1969729
1969986
1969819
1970124
1969681
1969590
1969563
1969834
1970034
1969870
1970107
1970910
1970487
1970881
1970335
1970042
1969928
1969882
1969494
1968923
1970016
1969366
1969736
1970301
1970892
1970151
1969588
1969776
1970223
1969796
1968467
1969323
1969419
1969612
1969523
1969654
1969193
1968828
1969292
1969276
1969655
1969863
1969515
1969117
1969545
1970534
1970685
1970026
1969747
1969716
1970378
1970606
1969901
1970151
1969651
1969987
1970145
1970815
1970337
1970183
1970609
1971144
1970764
1969739
1969880
1970490
1970193
1969630
1969800
1969784
1970124
1970683
1969970
1970314
1970555
1970118
1970051
1969927
1969746
1970386
1970227
1970146
1970489
1970696
1971212
1971070
1970692
1970751
1971410
1970863
1971096
