1348369
2949759
2950244
2950099
2949871
2963017
2964964
2964353
2964277
2964531
2965089
2964427
2964420
2965864
2965019
2964707
2964897
2965842
2966972
2966599
2965423
2966347
2965564
2965124
2965269
2965819
2965713
2965048
2966244
2966516
2966758
2964988
2965145
2965881
2965744
2965404
2964628
2965343
2965500
2965318
2965917
2965118
2964240
2964004
2964723
2964431
2965876
2965701
2965354
2965284
2965113
2964340
2963944
2964732
2965227
2965074
2964618
2964718
2965160
2965468
2965478
2964362
2964699
2965134
2964771
2964912
2965546
2965756
2964763
2964933
2964449
2965347
2965170
2965328
2965834
2967099
2965772
2966780
2966464
2966529
2965832
2965197
2964820
2965002
2965308
2965160
2966045
2966212
2965265
2965559
2965602
2965323
2965906
2965641
2966462
2966265
2967065
2966317
2965580
2967586
