1144059
1199031
1198967
1199451
1199627
1199699
1199615
1199307
1199359
1199399
1198903
1198599
1201879
1204635
1204455
1204631
1204687
1204347
1204683
1204735
1204691
1204559
1204783
1204915
1205219
1204755
1204327
1204315
1204727
1204763
1204751
1204751
1204827
1205139
1204847
1204891
1204851
1204687
1204895
1204627
1204935
1205103
1205115
1204959
1204827
1204975
1204963
1204851
1205143
1205435
1205323
1205171
1204991
1204431
1204759
1204707
1204727
1205011
1205071
1205143
1205439
1205471
1205123
1205459
1205063
1205571
1205259
1204975
1204611
1204803
1205603
1205399
1205483
1205103
1205455
1205487
1205371
1205503
1205371
1205315
1205215
1205071
1204795
1205015
1205231
1204883
1204995
1205555
1205339
1205491
1205135
1205459
1205315
1205559
1205399
1205231
1205563
1205711
1205915
1206111
