863234
1458143
1458363
1458267
1458295
1458187
1458259
1458011
1457863
1458091
1461835
1464927
1465007
1465139
1465267
1464979
1464795
1464847
1464831
1465231
1464987
1465279
1465571
1465503
1465731
1465771
1465383
1465235
1465431
1465311
1465419
1465267
1465563
1465791
1465479
1465159
1465523
1465919
1465827
1466179
1466071
1465811
1466187
1465479
1466303
1466203
1466247
1466183
1466163
1465727
1465795
1465835
1466443
1466067
1466303
1466103
1465823
1466107
1466515
1466083
1466307
1466235
1465975
1465687
1465783
1465543
1465219
1465775
1465211
1465963
1465319
1465259
1465567
1465535
1465927
1465435
1465967
1466451
1466279
1465891
1465787
1465999
1465799
1465739
1465643
1465987
1465779
1465675
1465931
1466047
1465899
1466179
1465519
1465483
1465779
1465971
1466307
1465991
1466147
1466007
