236461
244267
1874
244231
244195
244183
244139
244119
244187
244195
244259
244231
244191
244267
244199
244207
244207
244223
244255
244227
244247
244239
244191
244103
244175
244243
244211
244243
244167
244223
244319
244379
244319
244371
244343
244419
244343
244407
244331
244347
244399
244391
244295
244251
244355
244291
244315
244355
244279
244339
244315
244339
244307
244311
244339
244327
244239
244243
244239
244239
244211
244231
244107
245963
245259
245267
245351
245363
245323
245255
245319
245303
245295
245335
245347
245247
245291
245371
245307
245275
245355
245375
245379
245371
245295
245331
245291
245311
245219
245287
245299
245219
245219
245315
245267
245307
245303
245275
245311
245367
