330842
961765
961825
961989
962161
961885
961925
961785
961909
961829
961781
961729
961869
961869
961901
963713
967009
966797
966889
966829
966633
966565
966617
966749
966661
966689
966697
966565
966353
966465
966629
966489
966757
966545
966381
966397
966485
966401
966513
966965
966881
966461
966397
966285
966141
966329
966797
966917
966969
966769
966353
966153
966281
966441
966489
966605
966281
966065
966317
966345
966265
966453
966537
966485
966461
966437
966737
966821
966665
966677
966593
966477
966537
966745
966753
966873
966717
966693
966625
966653
966641
966565
966741
966817
966557
966741
966577
966793
966625
966949
966821
966777
966985
967233
967473
967409
967133
966777
966597
966537
