1065320
1454859
1454767
1454799
1454599
1454415
1454835
1455111
1455243
1454695
1458231
1461531
1461595
1461487
1461275
1461731
1461503
1461503
1461899
1462219
1462523
1462255
1462051
1461791
1461483
1461211
1461051
1461715
1461843
1462119
1462251
1461867
1461899
1461375
1462111
1461747
1461299
1461195
1461399
1461255
1461295
1461299
1461307
1461431
1461503
1461811
1461483
1460683
1460623
1461067
1461723
1461283
1461647
1461327
1461207
1461115
1461271
1460899
1460663
1460415
1460619
1460483
1460583
1460595
1460747
1460259
1460003
1460459
1460779
1460595
1460247
1460471
1460663
1460323
1460415
1460515
1460343
1460719
1460535
1460763
1460819
1460443
1461083
1460983
1460699
1460907
1461111
1461179
1461047
1461443
1461271
1461479
1462027
1461531
1461107
1461315
1461423
1461007
1461043
1460963
