483795
1694196
1693940
1693832
1693800
1694368
1694200
1694500
1694144
1703484
1702820
1702804
1702780
1702424
1702788
1703032
1702636
1702156
1702788
1702752
1703268
1703180
1703180
1702916
1703368
1703292
1703040
1702952
1703528
1703428
1703596
1702772
1702400
1702640
1702396
1702192
1702984
1703292
1702852
1702384
1702720
1703212
1703284
1703100
1703500
1703564
1702904
1702268
1702620
1701912
1702728
1702304
1702232
1703188
1702780
1703100
1703060
1703444
1703248
1702836
1702740
1703432
1703068
1702740
1703200
1703356
1702972
1702788
1703256
1702464
1703496
1703976
1703680
1703204
1703276
1703608
1703176
1703536
1703500
1702592
1702772
1702804
1703068
1702852
1702880
1702892
1703068
1703244
1702940
1702612
1702388
1702944
1703180
1702860
1702856
1702452
1702584
1702896
1702460
1702868
