137097
1467218
1467253
1467384
1468055
1468238
1467478
1467777
1467412
1467552
1474861
1475073
1474494
1474992
1474809
1474973
1475487
1475263
1474804
1474471
1474714
1474234
1474295
1474269
1474380
1474412
1474332
1474842
1475034
1474593
1474066
1475044
1474786
1474956
1474813
1474437
1474309
1474405
1475198
1475064
1475237
1474426
1474311
1474553
1474678
1474419
1474208
1474566
1474527
1474289
1474667
1474518
1474436
1474312
1474433
1474390
1474140
1474288
1474171
1474234
1474340
1474083
1474346
1474257
1474708
1474577
1474109
1474243
1474659
1474066
1474241
1474473
1474551
1474148
1474356
1474507
1474441
1474383
1474576
1474753
1474854
1474487
1474524
1474977
1474775
1475425
1475317
1474978
1474517
1474490
1474807
1474666
1475206
1475248
1475335
1474710
1474671
1474496
1474431
1473961
