50716
61118
61130
61106
61110
61106
61094
61098
61106
61110
61086
61114
61098
61094
61086
61086
61062
61086
61082
61070
61058
61078
61054
61086
61078
61094
61098
61078
61086
61102
61102
61106
61094
61122
61098
61106
61110
61086
61102
61114
61078
61094
61090
61098
61082
61062
61086
61098
61098
61114
61110
61118
61118
61094
61102
61102
61114
61130
61118
61094
61094
61102
61094
61094
61078
61070
61102
61098
61106
61094
61110
61094
61090
61086
61066
61082
61074
61078
61082
61086
61086
61078
61090
61098
61074
61070
61102
61090
61094
61070
61086
61102
61102
61090
61094
61102
61086
61066
61082
61082
