647120
2230821
2230666
2230838
2231954
2231450
2233397
2242525
2242978
2242270
2242514
2242149
2242808
2242219
2242626
2241895
2242345
2241923
2242188
2242213
2241910
2241692
2242000
2241933
2242082
2242209
2241865
2241515
2241700
2242293
2242255
2241580
2242428
2243353
2243180
2243124
2242835
2242056
2241696
2241313
2241319
2241594
2241044
2241579
2242252
2241217
2241618
2241699
2242244
2242137
2241916
2242079
2242941
2241995
2241631
2241330
2241990
2242492
2242049
2242133
2242968
2242207
2242653
2241795
2242401
2242668
2242606
2242539
2242424
2243097
2242380
2241601
2241453
2241885
2242507
2242487
2241624
2241408
2241429
2241614
2241454
2241585
2241696
2241503
2241256
2241778
2241529
2241400
2241046
2241985
2241649
2241720
2241205
2241232
2241669
2242065
2242329
2242745
2241783
2241513
