486242
480059
4426
480191
480131
480143
480175
480131
480123
480039
480027
479995
479999
479891
479891
479923
480027
479971
479979
479831
479747
479927
480039
480215
480239
480075
480087
479999
479999
480219
480047
481927
482347
482319
482255
482295
482399
482567
482499
482539
482547
482331
482179
482263
482335
482279
482239
482339
482259
482255
482287
482451
482371
482391
482371
482271
482339
482139
482155
482251
482239
482183
482319
482119
482143
482359
482107
482231
482439
482379
482539
482571
482435
482471
482435
482539
482407
482331
482327
482395
482263
482267
482155
482107
482151
482071
482107
482115
482167
482263
482151
482263
482355
482375
482335
482155
482135
482035
482247
482267
