816976
2501542
2502246
2502460
2501959
2502379
2453842
2514820
2515100
2514456
2515215
2514855
2514411
2513880
2514087
2514030
2515037
2515105
2513828
2514072
2514624
2514665
2515571
2515222
2514865
2514887
2514556
2514149
2514519
2514112
2513831
2514528
2515335
2515418
2515105
2515507
2515840
2515082
2514702
2514514
2515567
2515742
2516071
2516027
2515744
2515993
2516121
2515530
2515091
2516926
2517503
2517822
2516851
2516696
2517390
2515415
2515630
2515599
2515712
2515995
2516023
2515827
2515658
2515516
2514482
2515573
2514131
2515443
2514811
2514459
2513637
2513904
2513668
2513353
2512696
2512063
2513231
2513454
2513705
2513720
2512649
2512319
2512867
2513175
2513777
2513622
2515487
2515526
2514645
2514702
2514619
2515244
2514743
2513981
2514719
2515003
2515223
2515708
2514585
2514962
