838750
2233286
2233809
2233592
2233293
2232819
2234722
2244005
2244642
2245014
2243981
2244173
2244218
2244030
2244274
2244235
2243771
2244002
2243979
2243346
2243786
2243348
2243367
2243969
2243623
2244258
2243949
2244155
2244625
2244550
2243866
2244937
2244699
2244904
2244622
2243610
2244035
2243607
2243510
2244126
2244758
2244270
2244669
2244369
2244902
2244720
2243790
2244430
2243482
2243742
2244020
2243546
2243146
2242836
2242990
2243702
2244061
2244324
2244038
2244367
2244471
2244854
2244111
2243829
2244310
2244282
2244426
2244598
2245343
2244551
2244074
2244678
2243359
2243638
2244627
2245139
2245480
2244779
2244961
2243990
2243777
2244451
2244209
2243071
2243708
2243894
2244081
2243504
2242989
2243446
2243511
2243678
2243793
2244349
2243722
2243349
2243914
2243775
2243310
2243200
