50789
59215
59195
59151
59167
59175
59167
59159
59139
59159
59163
59175
59163
24908
59147
59151
59155
59159
59159
59167
59151
59155
59183
59167
59155
59159
59163
59183
59171
59171
59163
59179
59175
59159
59139
59171
59163
59175
59147
59147
59159
59183
59167
59167
59159
59163
59175
59155
59143
59135
59123
59147
59123
59147
59123
59139
59119
59135
59127
59099
59099
59115
59115
59143
59139
59179
59155
59147
59143
59123
59143
59163
59171
59175
59199
59199
59167
59171
59155
59151
59167
59163
59163
59167
59163
59143
59151
59167
59167
59147
59123
59163
59151
59163
59167
59143
59151
59135
59147
59135
