924476
2451703
2451370
2451108
2450191
2451548
2463631
2464049
2463808
2463668
2463501
2464407
2464169
2463904
2463449
2463280
2463224
2463628
2464480
2464661
2463799
2464483
2465382
2464730
2463877
2463596
2464344
2464487
2464112
2464269
2464823
2464822
2464869
2464145
2465059
2464907
2464367
2464175
2464585
2463871
2463312
2463186
2462769
2463485
2463483
2463255
2462970
2464140
2463896
2463793
2463729
2463473
2462537
2463289
2463660
2463839
2463614
2463675
2463061
2463932
2464756
2464041
2463675
2464369
2463578
2463009
2463249
2463472
2463289
2463916
2462931
2463187
2463420
2463540
2463620
2463621
2463720
2463769
2463388
2464658
2464455
2463341
2463477
2464096
2463289
2464271
2464460
2464584
2464260
2464211
2464600
2464903
2464693
2465160
2464740
2464293
2464196
2464136
2464086
2463488
