485066
256122
488928
489056
489048
489004
488904
488956
488804
488720
488908
488928
488820
488928
488920
488896
488808
488892
489000
489012
489020
488940
489080
489056
489012
488912
488744
488748
488748
488732
488776
490440
491172
491304
491348
491232
491120
491020
490948
491056
490928
490936
490976
491076
491064
491060
491164
491180
491104
491048
491016
491084
491216
491140
491104
491124
491340
491224
491156
491028
491348
491456
491520
491504
491368
491388
491268
491116
491084
491260
491188
491008
491064
490964
491160
491088
491180
491152
491120
491028
490924
491004
491168
491180
491192
491272
491144
491160
491044
491148
491068
491068
491072
491000
491044
491008
491028
490996
491184
491268
