389514
1993269
1992737
1992965
1993641
1993845
1994385
1997513
2002897
2003577
2003461
2003113
2003133
2003897
2003581
2003289
2003049
2003189
2004277
2003765
2004629
2004321
2004225
2004373
2004433
2004249
2004409
2003985
2004537
2004213
2003901
2005129
2004489
2004825
2004189
2004397
2004493
2004793
2004149
2004141
2004525
2004401
2004581
2004821
2004513
2004773
2004745
2004801
2005357
2004593
2004973
2004961
2004773
2004093
2003545
2004133
2004345
2005129
2005813
2005677
2006001
2006197
2005705
2005449
2005569
2005421
2005905
2006041
2005901
2005989
2005721
2006177
2005693
2005541
2005937
2005637
2005501
2005117
2005309
2005789
2005369
2005321
2005197
2004989
2005241
2005349
2005057
2004345
2004553
2004917
2004821
2005385
2004637
2004617
2005605
2004737
2004617
2005381
2005797
2005321
