654443
1698264
1698484
1698284
1698284
1698820
1698344
1698388
1698612
1707056
1706400
1706356
1706620
1706444
1706428
1706788
1706800
1707088
1706780
1706184
1706720
1706856
1706596
1706376
1706620
1706380
1706564
1706584
1706508
1707208
1706676
1706940
1706736
1706916
1706300
1706648
1706552
1706452
1706388
1706516
1706568
1706592
1706376
1706112
1706952
1706416
1706692
1706252
1706632
1706524
1706640
1706832
1707896
1707288
1706972
1706396
1706728
1706800
1706848
1707056
1707068
1706564
1707028
1706900
1706700
1706372
1706468
1706640
1706900
1707332
1706592
1706480
1706744
1706552
1705872
1706320
1706872
1707204
1707440
1707868
1707520
1707244
1707332
1706624
1706952
1707856
1707580
1707756
1707604
1707344
1706984
1706380
1706708
1706532
1706824
1706228
1706396
1707056
1706696
1707048
