983133
2704393
2705623
2706261
2706173
2710803
2717464
2718835
2718500
2717811
2717450
2718179
2719202
2718664
2718284
2717557
2718113
2717704
2718283
2717435
2718403
2718762
2718301
2718501
2718379
2717973
2718049
2719039
2719562
2718618
2718409
2718069
2718253
2717864
2717491
2718463
2718364
2718027
2718085
2717858
2717993
2719066
2718301
2717691
2718285
2717215
2718007
2718913
2719092
2719088
2719114
2719320
2719372
2718388
2718972
2718195
2718580
2719363
2718663
2719420
2719749
2719128
2719441
2719218
2718632
2718547
2718720
2718916
2718461
2718127
2717520
2717793
2717976
2718559
2717323
2717525
2717518
2717299
2717477
2717409
2717270
2716929
2717006
2717939
2719481
2718721
2718515
2719557
2718851
2718614
2718816
2718466
2718298
2718549
2718094
2717707
2717659
2718909
2719346
2718834
