421027
1233951
1234323
1234444
1234257
1234173
1234369
1234088
1233906
1234248
1233834
1233815
1240795
1240181
1239798
1239603
1239616
1239301
1239205
1239664
1239832
1239868
1239604
1239661
1239704
1240147
1239867
1239699
1239915
1239460
1239516
1239575
1239982
1240052
1239885
1240139
1239779
1239912
1239918
1240025
1240240
1240263
1240187
1239868
1239998
1239971
1240165
1239788
1240132
1240250
1240089
1240239
1240739
1240879
1240101
1240645
1240347
1240257
1239811
1240187
1239841
1240011
1240356
1240127
1239840
1239656
1239398
1239558
1239611
1239423
1239544
1239931
1240366
1239676
1239677
1239779
1239547
1239953
1239772
1239738
1240069
1239943
1239763
1239879
1240126
1240394
1240111
1239999
1240333
1240469
1240863
1240512
1240213
1239953
1240271
1240173
1240529
1240867
1240405
1240317
