483773
3716091
3716537
3717194
3735439
3737811
3736162
3737025
3737454
3736349
3735925
3737147
3737895
3736201
3736253
3735834
3737614
3737381
3736135
3736359
3735267
3736084
3734933
3735107
3736081
3736194
3736438
3736434
3735978
3737032
3736766
3736060
3736229
3737100
3738696
3736612
3738916
3739234
3739302
3738598
3739307
3738078
3737689
3737621
3738748
3739694
3739586
3739838
3739760
3741303
3741118
3739487
3738742
3737421
3737806
3738802
3738550
3738656
3737588
3738039
3739222
3740125
3738540
3739157
3738966
3739340
3739847
3739314
3739411
3739960
3740263
3738999
3739547
3739217
3738169
3738975
3739319
3738511
3738880
3738047
3738171
3738768
3739028
3738842
3738031
3738938
3740727
3740169
3738126
3738775
3738662
3739086
3739444
3739243
3738535
3738202
3738816
3739550
3740858
3739719
