763818
3934387
3934875
3940497
3954927
3954984
3954291
3955135
3955996
3956753
3957502
3957010
3956169
3956911
3957711
3958292
3957540
3959147
3958758
3956823
3957182
3956966
3956984
3957606
3956224
3957538
3957073
3956654
3956320
3957054
3957284
3957343
3955933
3955016
3956483
3956722
3956942
3957433
3956114
3955613
3955429
3955523
3957323
3955909
3956007
3955701
3956175
3954799
3955672
3955340
3955607
3955310
3955196
3954657
3956796
3956829
3956620
3956562
3957865
3958046
3957034
3956159
3956108
3955071
3956157
3956458
3955645
3955875
3956720
3956093
3955447
3954963
3955064
3953866
3954315
3954444
3954207
3953042
3953025
3953037
3954432
3954457
3954616
3953368
3953502
3953558
3954507
3953737
3954359
3952899
3955778
3956411
3955957
3956299
3956190
3953859
3953695
3954763
3955240
3955822
