585650
3720292
3720677
3719630
3737879
3737399
3739140
3739029
3738599
3738798
3738041
3737357
3738432
3740199
3737932
3739330
3739566
3739568
3738752
3738074
3738690
3737921
3738120
3740709
3740840
3740621
3739308
3740056
3740172
3739813
3740071
3739862
3740253
3739571
3739693
3740217
3740052
3741192
3740707
3740416
3739266
3739224
3739548
3739540
3740607
3738929
3740408
3738952
3739024
3739665
3740555
3738810
3737680
3739590
3740626
3740635
3739634
3739952
3739813
3739840
3740155
3740298
3740720
3740328
3739112
3740149
3740511
3740236
3739386
3738365
3738884
3740177
3737969
3737909
3738405
3738000
3738064
3737779
3738760
3738426
3738145
3738907
3737966
3738529
3738122
3739217
3738914
3737950
3738515
3738268
3739599
3739032
3739519
3737981
3738197
3738284
3738173
3738555
3738761
3739636
