509020
1938717
1938765
1938625
1938561
1939073
1939221
1941509
1949077
1948605
1948737
1948525
1948905
1947925
1948713
1948501
1949221
1949033
1948293
1948873
1948297
1948689
1949385
1949269
1949013
1948713
1949057
1948901
1948837
1949637
1948997
1949029
1949085
1947981
1948021
1948725
1948417
1948225
1948221
1948737
1948625
1948681
1949209
1949461
1949037
1948917
1948853
1948469
1948681
1948401
1948173
1949405
1948993
1948793
1948857
1948661
1948493
1949125
1948769
1948953
1948961
1948881
1949517
1949617
1948673
1948985
1948761
1948681
1948897
1949057
1949393
1949273
1948609
1948317
1948093
1948513
1947989
1948129
1948553
1948829
1948217
1948241
1948313
1948205
1948369
1948781
1948621
1948181
1947753
1947609
1948617
1949089
1948529
1948233
1948309
1948013
1948421
1948437
1948985
1949281
