50228
59985
59989
60013
43767
59985
59965
59993
60009
59985
59961
59953
59961
59973
59937
59961
59961
59985
59973
59961
59981
59993
59981
59985
60005
59997
60017
60013
60001
60005
59997
59985
59977
59985
59977
60017
60017
60025
60013
59993
60021
60033
60025
60017
60013
60005
59997
59993
59969
59977
60009
59993
60013
60009
59977
59989
59957
59961
59977
59973
59981
59985
59977
59969
59985
59985
59977
59973
59977
59965
59969
59977
59969
59957
59965
59973
59989
59969
59965
59985
59973
59989
59981
59973
59957
59977
59973
59981
59961
59977
59953
59961
59973
59981
59989
59973
59989
59989
59993
59989
