145738
1980581
1980727
1980747
1980667
1980500
1981944
1988397
1992488
1991351
1991254
1991803
1991268
1991519
1991721
1991802
1991231
1990919
1991024
1991372
1991054
1991216
1990976
1991160
1991136
1990894
1990287
1990271
1991284
1991328
1991322
1990759
1991210
1990894
1991015
1992018
1991354
1991398
1991326
1992436
1991967
1990624
1991248
1991420
1990971
1990986
1991957
1991895
1991645
1991584
1991659
1991306
1991644
1991251
1991211
1990927
1990787
1990394
1990847
1991172
1990608
1990364
1990336
1990188
1990523
1990747
1990707
1990025
1990194
1989051
1989910
1990413
1989922
1990643
1990295
1990307
1990190
1990499
1990300
1990155
1990422
1990047
1990453
1990523
1990645
1990836
1990534
1990235
1990213
1990247
1990804
1990242
1990259
1990023
1990892
1990795
1991482
1991207
1991162
1990942
