796626
3712105
3712379
3712349
3729816
3732487
3732486
3732211
3732320
3731867
3731519
3731220
3733003
3732604
3731876
3732139
3732125
3733288
3732129
3731901
3733153
3733593
3733000
3734011
3734398
3733979
3732188
3733608
3733442
3733920
3732995
3732551
3731708
3733090
3733655
3732890
3732169
3732172
3732899
3732467
3732824
3732834
3732886
3731989
3732494
3732332
3732321
3732429
3730933
3730979
3730454
3729726
3729158
3729560
3729776
3729906
3729810
3730656
3729109
3729648
3729529
3729940
3729911
3730662
3730936
3730866
3730818
3732739
3732446
3731455
3732297
3732315
3732495
3732228
3731792
3733340
3732456
3732044
3733121
3732361
3731103
3731416
3730637
3730876
3732184
3731128
3730800
3732326
3732294
3730660
3730758
3732085
3731877
3733123
3731660
3732121
3733356
3732727
3731932
3731772
