367091
974953
975409
975473
975085
975065
974993
975161
975249
975057
975461
975537
975025
975101
975109
977225
979973
980121
979681
979677
979461
979441
979357
979653
979341
979673
979733
979561
979361
979621
979837
979481
979541
979705
979465
979573
979601
979313
979101
979085
979701
979485
979281
979189
979057
979293
979593
979657
979533
979777
979741
979641
979557
979353
979537
979465
979373
979449
979497
979253
979405
979501
979257
979293
978901
978921
979505
979369
979497
979369
979273
978993
979137
979521
979545
979013
979321
979173
979205
979125
979205
979217
979145
978869
979217
979205
979277
979089
979181
979441
979345
979221
979325
979261
979513
979209
979321
979381
979617
979505
