728049
3197443
3197031
3196998
3204093
3214652
3215668
3214735
3214721
3214243
3215155
3215037
3215799
3214621
3215130
3215704
3215447
3215531
3215085
3214073
3214601
3214434
3214701
3214178
3214413
3214490
3214763
3215191
3214825
3215049
3215283
3215674
3216516
3215108
3215208
3215079
3215080
3214759
3215626
3214816
3213787
3213539
3213906
3213600
3213019
3213871
3214040
3214078
3214134
3213969
3213847
3214148
3214665
3214767
3215304
3216384
3215087
3214427
3214154
3214901
3214323
3214679
3215086
3214800
3215451
3215306
3215683
3215272
3214361
3214600
3215857
3215344
3216009
3215514
3214960
3214392
3214157
3213839
3214466
3213586
3213858
3213512
3213667
3214346
3214401
3214192
3213595
3214111
3214124
3214035
3213540
3214311
3215150
3214762
3215521
3214161
3214374
3213860
3215496
3214806
