708506
2467821
2468025
2468370
2468125
2468741
2479712
2480292
2480044
2480364
2481325
2481511
2481452
2480929
2481282
2481257
2480870
2480298
2480597
2479878
2480754
2480555
2479768
2480546
2480585
2479791
2479490
2480208
2480254
2480019
2479919
2479926
2479754
2480463
2480073
2480166
2478938
2479992
2479780
2479644
2479523
2480446
2480264
2481116
2481555
2480393
2479798
2481203
2481775
2482305
2481713
2481990
2482389
2482344
2482022
2482838
2483529
2482687
2482550
2482784
2482512
2482916
2482804
2482313
2482033
2481428
2481487
2482537
2481911
2482149
2482549
2482833
2482174
2481623
2482592
2483348
2482524
2480908
2481084
2481231
2481836
2481949
2481158
2480924
2481061
2481393
2481652
2481934
2482708
2482533
2481997
2480816
2480948
2481692
2481077
2480688
2480469
2480468
2480582
2479560
