878941
973694
973622
973590
973634
973610
973690
973530
973562
973370
973286
973366
973610
973630
973678
974590
978030
977922
978094
978234
978490
978426
978910
978858
978962
978498
978326
978458
978382
977918
978030
977962
978126
978274
978330
978170
978402
978698
978626
978430
978738
978770
978358
978110
978090
978302
978078
978202
978178
978610
978910
978798
978806
978802
978638
978926
978906
978598
978322
978350
978186
978242
978182
978278
978386
978462
978114
978154
978098
978334
978322
978178
978098
977778
978190
978246
978170
978106
978270
978194
978386
977990
978110
978554
978778
978502
978686
978422
978314
978702
978582
978630
978478
978798
978690
978402
978766
978726
978598
978614
