355309
730032
730196
730288
730428
730368
730092
730036
730044
730212
730372
730452
730380
730128
730068
730320
730176
729936
730164
729980
730204
733760
733688
733748
733796
733560
733620
733656
733632
733768
733916
733688
733756
733612
733060
733356
733272
733388
733428
733644
733736
733580
733692
733684
733672
733668
733808
733828
733544
733464
733592
733692
733820
733844
733836
733704
733988
734100
734160
733760
733884
733968
733524
733740
733680
733712
733540
733700
733724
733528
733644
733732
733700
733460
733600
733576
733708
733504
733580
733624
733716
733700
733392
733660
733900
733872
733688
733476
733744
733772
733804
733828
733840
733904
733852
733868
734100
734160
734200
734180
