817482
3438195
3438691
3439074
3450244
3456312
3456393
3456478
3454384
3454912
3455009
3455523
3454529
3455219
3456480
3456007
3456171
3455040
3457206
3457761
3457775
3457730
3457218
3455575
3456321
3457133
3458922
3456980
3456694
3456491
3456875
3456911
3456764
3456663
3456724
3456815
3456890
3456172
3456339
3457087
3455836
3455179
3455266
3456357
3455530
3454932
3455517
3455444
3456241
3454993
3455386
3455209
3455161
3455978
3455479
3455841
3456501
3456140
3455381
3456021
3455991
3455719
3455984
3455203
3456784
3456046
3456162
3457178
3456798
3457047
3457335
3457838
3457920
3457806
3458402
3458689
3457666
3456739
3455632
3456352
3456444
3456099
3456003
3456343
3455709
3455960
3456475
3455981
3456961
3456970
3456483
3457626
3455990
3456792
3456759
3456124
3455967
3456907
3457628
3457474
