737838
721805
721673
722037
721957
721861
721713
721469
721493
721689
721725
721869
721917
721829
721737
721457
721705
721861
721805
721977
721869
726249
725153
725297
725325
725169
725069
725005
725161
725253
725377
725317
725141
724857
725033
725045
725385
725233
725081
725237
725169
725249
725577
725277
725205
725289
725225
725129
725253
725173
725209
725129
724989
725081
725101
724985
724801
724985
725461
725613
725669
725129
725149
725169
725173
725393
725329
725049
725193
725105
725057
725289
725245
725173
725281
725357
725353
725397
725057
725273
725521
725397
725333
725149
725277
725141
725261
725273
725149
725345
725389
725257
725329
725561
725525
725369
725041
725145
725365
725277
