966329
1200478
1200518
1201166
1201354
1201010
1200902
1201326
1201294
1201458
1201194
1201498
1204798
1207562
1207562
1207422
1207546
1207370
1207262
1206802
1206974
1206618
1206526
1207418
1207326
1207338
1207094
1206930
1206926
1206870
1206598
1206870
1206870
1206738
1206898
1206742
1206782
1207022
1206922
1206802
1206942
1206986
1207174
1207334
1207386
1207046
1207138
1206902
1207222
1207054
1207282
1207562
1207802
1207430
1207166
1207238
1206990
1206634
1206710
1206818
1207346
1207458
1206850
1207158
1207138
1207438
1207470
1207262
1207290
1207334
1207434
1206938
1206802
1206794
1206438
1206538
1207186
1207450
1206770
1206942
1206994
1207006
1206834
1206898
1207090
1207542
1207606
1207486
1207206
1207094
1207110
1207350
1207478
1206902
1207206
1207822
1207550
1207102
1206506
1206254
