50272
60965
60977
61005
61001
61005
61013
61017
61009
60997
61025
61017
61021
61005
44579
61009
61017
61001
61013
61009
61013
61029
61017
61033
61001
61025
61005
60997
61013
61001
61005
60997
61013
61009
61013
61009
61009
61005
61013
61017
60981
60993
60993
60997
60965
60985
60973
60989
61017
60993
61013
60997
61029
61017
61013
60993
61005
61009
60993
60997
60981
60985
60989
60989
60973
60977
60989
60977
60977
60969
60969
60945
60957
60989
60969
60961
60961
60985
60973
60969
60957
60961
60965
61005
61005
61013
61029
61017
61013
61009
61021
61005
61017
61009
61009
61005
60977
60977
60985
60981
