288587
956201
956041
956465
956577
956725
956541
956501
956925
956829
956521
956513
956613
956681
956977
958161
961453
961485
961061
961253
961173
961213
961041
961105
961077
960937
961057
961397
961537
961281
961149
961225
961261
961265
961153
961445
960765
960769
960869
961605
961573
961437
961157
961041
961153
961289
961513
961741
961789
961637
961293
961285
961441
961421
961277
961241
961433
961389
961049
961437
961517
961397
961177
961233
961081
961101
960897
961049
961025
961189
961049
960853
961065
960877
960929
961073
961337
961149
961109
960961
961089
961281
961541
961385
961273
961177
961325
961221
961473
961365
961593
961221
961421
961469
961565
961409
961737
961633
961849
961585
