709201
3712477
3713077
3712468
3731038
3730036
3730327
3731228
3732567
3732185
3732040
3732846
3733075
3732810
3732451
3732146
3732894
3731468
3731609
3730945
3733049
3731414
3731811
3732009
3731865
3731545
3732415
3731808
3732219
3732484
3731304
3731525
3731345
3730705
3731207
3730618
3731790
3733570
3732353
3731404
3731231
3731663
3731445
3730692
3731033
3731616
3731773
3731822
3730944
3730862
3731686
3731346
3730364
3730340
3730730
3732224
3733849
3733917
3733694
3732734
3733781
3733530
3734019
3734313
3733719
3732959
3733856
3736221
3734969
3733027
3732859
3731812
3731145
3730469
3731516
3731417
3730472
3729664
3729869
3731248
3731366
3730967
3731995
3732205
3731866
3732115
3731490
3731345
3732288
3730969
3731606
3730431
3729923
3729956
3729520
3731015
3730951
3731299
3730720
3729632
