237259
243858
243858
102787
243862
243926
243962
244002
244086
244034
243954
243934
243918
243974
243998
243930
243918
243954
244042
244058
244022
244030
243998
244082
244102
244054
243998
244066
243962
243974
244014
243898
243882
243858
243866
243874
243866
243954
243894
243894
243954
243950
243934
243906
243878
243890
243878
243894
243830
243870
243814
243810
243870
243814
243810
243858
243918
243886
243890
243894
243950
243922
243950
245310
245138
245126
245106
245106
245054
245018
244962
244990
245010
245030
245018
245030
244990
245034
245018
244914
245030
245082
245030
245054
245026
245042
245046
245102
245106
245094
245038
245102
245094
245030
245086
245106
245130
245074
245094
245134
