240368
152689
240967
240971
240991
240983
240963
240975
240979
240991
241011
240939
240943
240963
240891
240911
240999
240935
240895
240891
240795
240815
240887
240923
240947
240939
240971
240979
240919
240903
240863
240883
240895
240895
240871
240783
240787
240811
240831
240847
240891
240847
240871
240887
240879
240895
240875
240915
240891
240827
240927
240931
240903
240879
240839
240819
240815
240799
240807
240903
240899
240827
240727
242731
242011
241999
242023
242043
242003
242071
242107
242143
242147
242163
242215
242175
242151
242167
242151
242151
242203
242195
242191
242171
242091
242135
242079
242091
241963
242003
242043
242095
242111
242083
242107
242143
242131
242143
242159
242191
