878592
3241246
3241232
3241229
3246079
3256457
3256110
3255426
3256757
3256388
3256142
3256508
3256148
3255576
3256178
3255908
3255841
3255066
3256096
3255049
3255686
3255328
3255585
3257188
3255798
3257404
3256464
3257452
3257747
3257540
3256326
3255154
3255654
3255110
3254516
3255144
3255174
3255392
3255912
3256041
3254452
3255897
3255741
3255810
3255989
3255342
3255492
3255744
3254733
3255382
3255464
3255910
3254448
3253866
3253962
3253774
3253544
3253918
3254584
3254606
3254677
3254346
3254193
3255306
3255246
3253905
3253466
3252358
3251630
3251065
3251705
3253220
3253360
3253750
3254930
3255326
3255212
3254918
3255160
3254890
3254281
3254310
3254668
3255268
3254834
3254750
3254942
3254260
3255512
3255985
3256834
3256560
3256400
3255377
3256052
3255396
3255740
3256194
3255074
3253970
