900862
1458828
1458796
1458764
1458932
1459236
1458976
1459148
1459032
1459668
1463664
1466064
1465744
1465880
1466376
1466500
1466432
1466540
1466184
1466596
1466332
1466608
1466436
1466884
1466300
1466184
1466252
1466788
1466032
1466024
1466128
1465860
1465560
1466096
1466308
1466296
1465844
1465940
1465872
1465680
1466120
1465924
1466016
1465696
1466108
1466020
1465800
1465740
1465688
1465848
1466384
1465872
1465916
1466404
1466320
1466404
1466356
1466260
1466016
1466040
1466252
1466616
1466352
1467252
1466976
1466592
1466808
1466820
1466548
1466444
1466672
1466356
1466580
1466636
1466352
1466508
1466472
1465920
1465872
1466444
1466368
1466616
1466944
1466824
1467108
1466296
1466456
1466864
1467504
1466976
1466912
1467280
1467520
1466576
1466384
1466188
1466604
1466556
1466420
1466296
