448922
487936
487796
487764
487948
487820
487688
487784
487840
487904
487904
488000
487960
487968
487960
487848
487656
487640
487672
487588
487708
487660
487708
487752
487856
487852
487772
487784
487680
487656
487836
489564
490368
490384
490344
490192
490156
490456
490392
490308
490336
490148
490208
490116
490048
490152
490148
490232
490116
490168
490224
490276
490288
490180
490276
490376
490236
490416
490392
490188
490192
490120
490216
490280
490272
490388
490220
490176
490196
490288
490280
490228
490268
490304
490236
490212
490416
490236
490224
490252
490236
490280
490360
490372
490216
490060
490168
490204
490208
490132
490148
490108
489972
490168
490112
490180
490216
490208
490288
490216
