853520
1216886
1216958
1217038
1217174
1217466
1217350
1217330
1217802
1217494
1217630
1217666
1220014
1223106
1223106
1222770
1222686
1222982
1223162
1223002
1222410
1222170
1221898
1222142
1222310
1221946
1222066
1221842
1221238
1222006
1222154
1222558
1222406
1222458
1222738
1222618
1222610
1222570
1222458
1222666
1222106
1222530
1222446
1222234
1222126
1221934
1222094
1222546
1222622
1222790
1222558
1222590
1222562
1222646
1222902
1222622
1222730
1222698
1223046
1222718
1223110
1222654
1222638
1222938
1222874
1222826
1223138
1223058
1223086
1222986
1222786
1222822
1222514
1222302
1222602
1222958
1222994
1222634
1222626
1223138
1222918
1222722
1222886
1222746
1222502
1222514
1222930
1222794
1223042
1223114
1223378
1222966
1223030
1222866
1223206
1223094
1222910
1223054
1222922
1223118
