560012
2946736
2946124
2948449
2947950
2960089
2962361
2963299
2962354
2963352
2962968
2962147
2962919
2962053
2962452
2962654
2962774
2962840
2963073
2962824
2963940
2963872
2963523
2963279
2963174
2962549
2962516
2961933
2962040
2961616
2962594
2961863
2962273
2962841
2963413
2962509
2962360
2963700
2962910
2962392
2962892
2962418
2962829
2961490
2961800
2962116
2962166
2962214
2961127
2962275
2962501
2962773
2963845
2964023
2963226
2962760
2961776
2963066
2964476
2964116
2964108
2963232
2963325
2963382
2963419
2962825
2963765
2962102
2962524
2962235
2962450
2962158
2962692
2963467
2964083
2963942
2963698
2962435
2963846
2962921
2962539
2962940
2963341
2964460
2963013
2962840
2963030
2963898
2963783
2964199
2963607
2962760
2963249
2963001
2963167
2963074
2963588
2964368
2963834
2963174
