737331
3200131
3199312
3199917
3205187
3214280
3214480
3214436
3214237
3215348
3214389
3214531
3214626
3214647
3215421
3214735
3214480
3215121
3215388
3215006
3213780
3214046
3214169
3213940
3214691
3213997
3213991
3214260
3215170
3214306
3214133
3215179
3214729
3214448
3215853
3215850
3215064
3214491
3214056
3214045
3214229
3214897
3215806
3215762
3215189
3214666
3214968
3215895
3214743
3214553
3214514
3214092
3214093
3215203
3215715
3215696
3214501
3215067
3215177
3215340
3214395
3213158
3213961
3213660
3213102
3213980
3213778
3213857
3213848
3214116
3214017
3214478
3215080
3214625
3215213
3215209
3215272
3215390
3215988
3215158
3213896
3213598
3214829
3213410
3214153
3214998
3214361
3213365
3213307
3212462
3213095
3212780
3213643
3213679
3213456
3214581
3214210
3214913
3214556
3214089
