603155
1461120
1460257
1460657
1460867
1460981
1461431
1461112
1461041
1460602
1467681
1468469
1468541
1468398
1467925
1467925
1467615
1468019
1468971
1469011
1468453
1468874
1468528
1468381
1468148
1468493
1468380
1468621
1468365
1468516
1468397
1468765
1468786
1468602
1468837
1469005
1468637
1468348
1468020
1467649
1467795
1467543
1468355
1468109
1467988
1467775
1468051
1467617
1467849
1468625
1468207
1467993
1468389
1467901
1467585
1467627
1468057
1467779
1468320
1468280
1468143
1467805
1468317
1468428
1468587
1468263
1467737
1468171
1467861
1468019
1467785
1467749
1468081
1467735
1467443
1467743
1467659
1467537
1467651
1467928
1467493
1467039
1467707
1468151
1468113
1468183
1468398
1468251
1468059
1468085
1468935
1468231
1468089
1467993
1468317
1468580
1468862
1468825
1468061
1467991
