670256
1215107
1215167
1215155
1215075
1214855
1214935
1215039
1215179
1214879
1215051
1215447
1217971
1221291
1221379
1221179
1221379
1221211
1221499
1221311
1221063
1221235
1221483
1221119
1220987
1220879
1220967
1221143
1220643
1220907
1220799
1220683
1220871
1220719
1220823
1220711
1220715
1220715
1220363
1220555
1220351
1220579
1220415
1220751
1220815
1220639
1220827
1220423
1220551
1220659
1220927
1220487
1220815
1220983
1221367
1221523
1221351
1220703
1220503
1220159
1220307
1220687
1221203
1221331
1221147
1220939
1220795
1220251
1220535
1220371
1220255
1220679
1220735
1220907
1221075
1221127
1221315
1221295
1221027
1221079
1221251
1221419
1221211
1221647
1221243
1220659
1220751
1221151
1220823
1220831
1220687
1220771
1221143
1220891
1221131
1220755
1220867
1220815
1220815
1221091
