710110
3978749
3979504
3985575
3999371
3998094
3997197
3998317
3998753
3999601
3999474
4000541
3997983
3998871
3999040
3999456
4000285
4000778
4000833
4000727
3999487
3999785
4000810
3999056
3998369
3999303
3998799
3998853
3997725
3998405
3998586
3999158
3999254
4000092
3998197
3998577
3998952
3999689
3998549
3999767
4000235
4001013
3999271
4000775
4000955
4002534
4001447
4001549
4000080
4001303
3999371
3999126
3998355
3999869
3999364
3997875
3998530
3998825
3997760
3998703
3997816
3998110
3997909
3998841
3999498
3998768
3999285
3999047
4001278
4000991
4000670
4000425
3999078
3998768
4000342
3998626
3999792
3998481
3998695
3998754
3999035
3998124
3997479
3998603
3998564
3998815
3998643
3997136
3998533
3998559
3998415
3997093
3997632
3998431
3998137
3996825
3997491
3998094
3997285
3996793
