742411
1457448
1457084
1456692
1456740
1456580
1456608
1456272
1456620
1456632
1460868
1463416
1463612
1463724
1463636
1463244
1463308
1463300
1463600
1463412
1463384
1463368
1463432
1463468
1463592
1463876
1464176
1463912
1464100
1464236
1464232
1464320
1464492
1463948
1463648
1464080
1464028
1464144
1464428
1464604
1464204
1463768
1463516
1463736
1463280
1463396
1463632
1463816
1463708
1463836
1463736
1464148
1463944
1463408
1463644
1463360
1463260
1463488
1463916
1463724
1463732
1463576
1463532
1463452
1463208
1463172
1463324
1462884
1463152
1463904
1463536
1462992
1462900
1463020
1463628
1463328
1463292
1463596
1463192
1462620
1463044
1462764
1462768
1462716
1462792
1462888
1463024
1463276
1463444
1463644
1463344
1463360
1463148
1463500
1463288
1463308
1463888
1463636
1463700
1463796
