440439
951549
951681
951697
951721
951629
951733
951689
951525
951257
951401
951589
951761
951793
951669
953097
956165
956485
956549
956405
956517
956493
956065
956201
956241
956445
956589
956305
956153
956253
956305
956213
956281
956369
956469
956325
956549
956373
956721
956565
956505
956461
956421
956145
956285
956353
956309
956285
956381
956289
956589
956609
956729
956513
956261
956537
956585
956453
956461
956433
956449
956645
956917
956933
956517
956549
956301
956249
956137
956081
956021
956205
956497
956477
956337
956393
956165
956113
955985
956157
956185
956165
956313
956373
956157
955897
956233
955969
956337
956733
956181
956061
956033
956165
955933
956069
956001
956161
956357
956249
