428457
1000028
1000224
1000172
1000272
1000196
1000284
1000216
999984
999740
999584
999888
1000032
999988
1000064
1005940
1005096
1004912
1004408
1004200
1004416
1004636
1004720
1004568
1004592
1004980
1004676
1004608
1004688
1004472
1004664
1004532
1004624
1004760
1005200
1005128
1005104
1005040
1004876
1005036
1005108
1005024
1005472
1005220
1005220
1005512
1005276
1005632
1005736
1005716
1005184
1005288
1005168
1005028
1005020
1004892
1004796
1004924
1004872
1004548
1004540
1004792
1005132
1005128
1005088
1004764
1004788
1005204
1004916
1004788
1004960
1004984
1004680
1004664
1004720
1004632
1004788
1004672
1004920
1004968
1004796
1004976
1004920
1005252
1005192
1005108
1005288
1005112
1004620
1004716
1004884
1004568
1004572
1004568
1004560
1004880
1004848
1004620
1004636
1004664
