79068
3467056
3467439
3468302
3481530
3485258
3485468
3484818
3485548
3486520
3486495
3486881
3485699
3485889
3485392
3484485
3485216
3485021
3485132
3485837
3485255
3485292
3484977
3485560
3485384
3486128
3488098
3486221
3486361
3485862
3485541
3485909
3486353
3486023
3486616
3486702
3487108
3486807
3486214
3486202
3487833
3487234
3487902
3488194
3487974
3486645
3485394
3484957
3484475
3484796
3485469
3484533
3486388
3486207
3485237
3484550
3485476
3486392
3486006
3486056
3484489
3483413
3485376
3484634
3484322
3484024
3484371
3485114
3484934
3485842
3485160
3483771
3485047
3484681
3484639
3484299
3484601
3485832
3485580
3485293
3486304
3484945
3484780
3484641
3484513
3485791
3484742
3485261
3483815
3485828
3485285
3485590
3484535
3484238
3483669
3485940
3484357
3485690
3485246
3485793
