669552
1480107
1480634
1480514
1480196
1480190
1479955
1479769
1480362
1480414
1487344
1486778
1486827
1486938
1486916
1487146
1486712
1486858
1486587
1486698
1486827
1486925
1487011
1486839
1487280
1487267
1486925
1487038
1486930
1486799
1487202
1487036
1487100
1486617
1486343
1486694
1487098
1487197
1486651
1487225
1486561
1486539
1486687
1487190
1487085
1487100
1487772
1487651
1487866
1487075
1487140
1486574
1486978
1487289
1487012
1486798
1486614
1486747
1486420
1486549
1486773
1486860
1486908
1486997
1487382
1486766
1486442
1486717
1486661
1486999
1487081
1487043
1487107
1487506
1487241
1486585
1486924
1487077
1487310
1487674
1487631
1487590
1487488
1487197
1487484
1487063
1486353
1486792
1486946
1487192
1486908
1487122
1486435
1486504
1486952
1486816
1486542
1486908
1487636
1486714
