488794
343094
481504
481660
481720
481816
481812
481884
481720
481848
481816
481840
481904
481744
481676
481592
481740
481604
481580
481668
481584
481500
481600
481756
481644
481616
481688
481772
481732
481796
481728
483536
484040
484032
484108
484076
484076
483928
483880
483864
483876
483996
483952
483908
484076
484168
484244
484324
484296
484228
484184
484288
484400
484348
484308
484200
484316
484396
484188
484168
484248
484124
484052
484016
483992
484172
484108
484052
484008
484008
483932
483816
483872
483908
484088
484024
483872
483928
483920
483824
483740
483760
483904
483764
483668
483780
483784
483864
483840
483820
483896
483972
483784
483848
483844
483784
483800
483824
483848
483888
