237219
239918
240006
240002
240034
239950
240014
239974
239966
239998
240002
240066
240038
240074
239978
240058
240050
239990
240046
239930
239982
239906
240006
239958
240010
240122
240126
240050
240086
240074
240126
240134
240178
240194
240086
240070
240070
240046
240102
240082
240106
240090
240018
240118
240090
240030
240094
240074
240082
240130
240134
240058
240050
240046
240090
240146
240170
240102
240046
240090
240186
240102
240114
241858
241258
241254
241238
241266
241190
241214
241262
241282
241270
241262
241246
241294
241334
241322
241278
241294
241254
241306
241290
241282
241158
241198
241234
241238
241230
241326
241262
241250
241266
241314
241222
241214
241202
241166
241162
241110
