871097
2195939
2195751
2195479
2195641
2194565
2197136
2206007
2205618
2205455
2206191
2206804
2206356
2206665
2206313
2206065
2206132
2206756
2206505
2206221
2206297
2207558
2207529
2206725
2206032
2205580
2205791
2205794
2205972
2206024
2206293
2206684
2206632
2206316
2206532
2206924
2206926
2206709
2206564
2206841
2206636
2206280
2206702
2206804
2207174
2206768
2205986
2206274
2207728
2206528
2206543
2206261
2206628
2206234
2207094
2208127
2207236
2207120
2206393
2206141
2206325
2206055
2205953
2206919
2206460
2206036
2206231
2206495
2206443
2206692
2206433
2206619
2205985
2206220
2206737
2206209
2206384
2206230
2206585
2205883
2206257
2206477
2206663
2206360
2206745
2206603
2206450
2206860
2207659
2206645
2206550
2206468
2206398
2207651
2207393
2207455
2208292
2207615
2207141
2207158
