733570
452882
731441
731397
730997
730969
731005
730901
730961
731177
731105
731273
731257
731245
731061
731185
731117
731193
731245
731269
731265
735005
734397
734525
734645
734653
734793
734841
734645
734817
734937
734809
734685
734853
734701
734945
734609
734305
734217
734485
734657
734501
734357
734613
734553
734333
734265
734365
734521
734593
734661
734673
734545
734313
734517
734525
734589
734545
734673
734825
735021
734753
734565
735017
734949
734993
734645
734697
734921
734853
734517
734557
734617
734653
734597
734609
734689
734853
734857
734993
735145
734845
734897
734937
734633
734841
734993
734921
734873
734917
735029
734941
734889
735077
734969
734865
734869
734785
734713
734785
