330232
3487001
3487597
3486913
3501661
3504733
3504207
3504903
3505595
3504386
3504790
3505745
3506084
3506670
3506755
3506103
3504940
3505573
3508181
3506152
3505384
3507959
3507322
3505739
3506286
3505839
3505732
3505767
3506717
3508263
3507458
3506973
3506648
3507890
3507708
3505934
3506818
3506520
3506872
3506848
3506866
3506639
3507140
3506155
3505395
3504983
3505820
3505926
3505953
3505698
3506410
3507545
3506473
3506432
3506597
3506162
3504328
3505384
3505012
3505578
3506398
3507090
3507148
3507989
3506249
3505317
3506622
3507160
3505037
3504762
3506245
3505533
3505512
3507182
3507263
3506546
3505972
3506129
3506304
3505325
3505468
3505908
3507544
3506752
3508104
3506297
3506316
3507648
3508027
3506075
3505599
3505358
3506653
3507685
3506219
3506340
3506354
3505616
3505754
3506245
