187210
1970225
1970462
1970167
1970576
1970916
1969382
1973260
1979776
1979957
1979827
1979773
1980386
1980958
1980779
1980303
1980954
1981453
1980819
1981283
1980664
1980463
1980493
1980483
1980275
1980791
1980987
1980784
1981139
1981540
1980896
1981072
1980233
1979754
1980379
1980107
1980975
1980838
1980695
1981043
1980979
1980650
1980137
1980357
1980471
1981070
1980812
1980881
1980902
1980810
1981019
1981057
1981636
1980632
1981788
1981305
1981295
1981084
1982120
1981791
1981284
1980803
1981140
1980922
1980464
1981589
1982144
1982079
1981392
1981318
1980728
1980789
1981066
1980696
1980736
1980512
1980037
1980692
1980467
1981294
1980775
1981188
1980407
1980058
1981590
1981434
1980945
1981303
1980600
1980424
1981397
1981609
1981092
1981882
1981129
1980871
1980777
1981850
1981661
1981572
