292305
1715599
1715394
1715181
1715214
1714906
1715274
1715055
1717503
1723699
1723159
1723638
1724005
1723893
1723481
1723479
1723891
1723715
1723322
1723838
1724281
1724030
1723597
1724117
1724145
1723838
1723305
1723305
1723103
1723189
1723210
1723117
1722743
1722973
1722875
1722846
1722539
1722641
1722732
1722718
1722909
1723107
1722785
1723057
1723483
1723244
1723220
1723173
1722631
1722911
1722969
1722735
1722891
1723282
1724005
1723523
1723775
1723772
1723118
1723487
1723115
1722462
1722959
1723189
1723227
1722857
1723003
1723181
1722489
1722801
1722923
1723440
1723857
1723838
1723646
1723311
1723124
1723093
1722540
1722060
1722341
1722059
1721871
1722399
1722337
1722691
1722881
1722244
1722807
1722909
1722263
1722468
1722337
1722395
1722289
1722483
1723243
1722659
1722867
1722713
