413442
2970124
2969830
2970176
2970005
2982376
2983389
2984281
2984205
2984241
2985709
2986006
2985011
2984699
2985260
2984985
2984694
2984461
2984767
2983965
2984502
2984912
2985481
2986124
2986208
2985122
2984571
2984440
2985017
2984520
2984176
2985864
2985773
2985128
2984404
2984376
2983995
2984828
2985663
2985083
2985107
2984843
2984262
2984064
2984152
2984898
2985034
2985405
2984524
2984357
2985268
2985197
2986353
2984755
2984615
2983787
2983661
2983273
2983051
2983266
2983935
2983710
2983637
2982878
2984355
2983972
2984205
2983917
2983442
2982686
2982777
2983421
2983765
2983474
2984606
2984168
2984753
2984886
2984883
2985583
2984205
2984453
2983932
2983825
2984132
2983773
2983749
2984107
2985123
2985267
2984446
2984454
2984796
2984421
2984471
2985088
2985394
2985453
2984415
2985535
