237179
77179
241330
241374
241382
241406
241402
241414
241422
241462
241374
241346
241406
241370
241398
241406
241406
241418
241354
241362
241426
241510
241478
241462
241486
241486
241458
241382
241366
241318
241318
241326
241330
241370
241414
241362
241434
241422
241386
241370
241314
241322
241266
241314
241342
241358
241366
241386
241454
241414
241402
241342
241366
241402
241454
241514
241542
241502
241486
241438
241394
241382
241314
243230
242590
242530
242598
242494
242478
242546
242498
242546
242554
242490
242514
242482
242382
242398
242442
242430
242382
242354
242450
242362
242358
242446
242358
242314
242442
242442
242474
242426
242362
242342
242354
242382
242406
242458
242498
242538
