435571
2725843
2726651
2726570
2726924
2735612
2740163
2740642
2740755
2740735
2740675
2740677
2741306
2740599
2740433
2740394
2739994
2739996
2739566
2740093
2740760
2740161
2740708
2740541
2740079
2741037
2741097
2740669
2740611
2740905
2740885
2740890
2740442
2740248
2740862
2741119
2741505
2741484
2741746
2740746
2741720
2741674
2742736
2742240
2741514
2741401
2740964
2741484
2742091
2742143
2741872
2741455
2741588
2740773
2740190
2739725
2739796
2739282
2739610
2741420
2740331
2740515
2739735
2739727
2740436
2740375
2739315
2739911
2740145
2739604
2739704
2739355
2739878
2739743
2739654
2740106
2741179
2741406
2741433
2741003
2739930
2740653
2740586
2740195
2739887
2740172
2741098
2742043
2742182
2740818
2741908
2742369
2742183
2742177
2740362
2741097
2740963
2740882
2740749
2740291
