733966
27210
713724
713372
713400
713204
713328
713364
713360
713724
713664
713540
713808
713908
713704
713804
713920
714000
713872
714120
714268
717728
717572
717652
717628
717500
717568
717572
717612
717792
717448
717524
717616
717592
717792
717456
717420
717428
717412
717492
717708
717704
717564
717460
717528
717564
717520
717552
717580
717284
717276
717524
717352
717420
717440
717540
717224
717056
717232
717312
717280
717472
717460
717300
717228
716980
717236
717140
717276
717248
717560
717508
717780
717792
717888
717716
717740
717708
717536
718048
717872
717800
717748
717660
717564
717496
717552
717572
717496
717600
717396
717472
717144
717028
717048
717012
717008
717384
717720
717700
