821446
2951200
2949744
2950929
2952394
2964595
2965870
2965961
2964853
2965803
2966643
2965962
2965774
2965553
2966542
2966790
2966003
2966318
2965031
2965278
2965147
2965196
2964591
2964516
2965041
2965161
2965018
2965327
2964697
2964917
2965881
2965387
2966201
2965834
2966041
2965189
2966292
2965166
2965211
2964869
2964744
2965304
2965219
2965424
2965337
2965241
2964636
2965725
2965513
2965199
2965659
2966788
2966606
2966000
2965925
2965406
2965472
2965609
2965489
2965786
2966399
2967078
2967022
2966585
2966173
2965930
2966065
2966666
2966465
2966448
2966015
2965994
2965044
2966130
2966226
2966402
2966963
2967010
2966258
2966958
2967206
2967259
2966658
2967701
2967964
2967678
2967316
2967411
2965946
2966174
2966849
2966768
2966202
2967298
2967715
2967134
2966949
2966794
2965875
2965682
