178775
2221608
2221680
2220863
2220622
2220578
2224469
2231867
2232195
2231819
2231936
2232013
2231672
2231635
2231496
2232191
2231738
2232020
2232067
2232353
2231822
2231715
2232145
2231907
2231888
2232410
2232917
2232302
2232015
2231844
2232522
2231890
2231734
2231787
2232018
2232311
2232635
2232311
2232310
2232167
2233048
2232549
2231716
2231525
2232296
2231460
2231600
2232047
2230963
2231460
2231972
2232399
2232912
2232886
2232792
2232695
2232578
2232168
2232567
2233423
2233315
2232391
2232260
2232451
2232560
2232229
2232229
2232168
2232638
2233199
2232823
2232828
2232500
2233270
2232915
2232671
2232803
2233144
2233139
2233613
2232556
2231636
2231239
2231351
2231689
2231573
2231778
2231540
2231340
2231132
2231519
2231680
2232387
2231973
2231861
2231072
2231120
2231692
2232044
2231671
