592654
2953412
2954676
2954130
2954006
2969861
2968405
2969252
2970040
2970220
2970270
2969557
2969113
2970324
2970472
2970957
2970633
2970231
2969927
2969524
2969674
2969373
2970118
2970376
2970162
2968761
2969079
2969238
2968082
2968793
2969288
2968729
2968825
2969521
2969213
2968598
2968030
2968312
2968169
2967646
2966789
2967130
2967979
2967357
2967573
2967875
2968450
2968572
2968458
2968632
2967828
2967611
2967519
2968765
2968233
2968707
2967725
2968246
2967725
2968224
2968175
2969090
2969263
2968838
2969634
2969081
2967930
2968558
2969707
2969756
2969873
2968725
2969369
2969905
2969513
2968746
2967453
2968123
2968003
2967938
2968928
2968447
2969292
2969309
2969025
2968198
2968700
2969151
2969764
2970567
2969656
2968625
2968257
2969939
2969214
2969444
2970054
2967745
2968366
2968167
