903559
3245623
3244953
3245603
3254417
3263339
3263044
3262932
3262807
3261483
3261347
3261933
3262930
3262858
3263406
3262523
3263047
3262541
3261688
3263252
3263381
3261705
3262211
3262474
3261536
3260569
3261021
3260422
3260692
3262619
3262022
3261211
3260313
3260480
3260210
3261586
3261118
3261086
3262181
3263219
3262480
3261806
3261402
3261638
3260712
3261121
3261037
3259901
3260832
3260179
3259660
3261003
3261677
3262312
3262705
3261869
3261354
3261935
3262089
3261787
3261657
3261801
3262217
3261158
3260468
3260601
3260488
3260874
3261351
3260232
3261644
3262407
3261736
3261651
3261531
3261892
3260742
3260578
3261102
3261720
3260195
3260517
3261183
3259580
3258880
3259746
3260099
3260745
3262073
3262417
3260687
3260819
3260661
3260839
3260729
3260174
3261294
3262169
3260826
3260728
