50634
58788
58788
48524
58784
58784
58796
58780
58784
58780
58784
58788
58776
58796
58784
58796
58784
58788
58772
58776
58772
58792
58768
58800
58768
58788
58796
58804
58796
58788
58780
58792
58784
58772
58780
58820
58828
58808
58780
58784
58804
58780
58796
58792
58804
58792
58784
58780
58788
58780
58776
58780
58772
58768
58780
58792
58804
58804
58780
58788
58812
58792
58780
58776
58764
58732
58768
58772
58752
58748
58772
58776
58760
58756
58764
58764
58788
58776
58788
58788
58784
58788
58764
58804
58804
58804
58788
58800
58820
58808
58816
58780
58824
58816
58820
58824
58808
58816
58804
58792
