773329
2475546
2475634
2475270
2475679
2476261
2486653
2488880
2488185
2488979
2488638
2489782
2489282
2489622
2490113
2489230
2489661
2489765
2490147
2488864
2489089
2489625
2489635
2489227
2489238
2489010
2488007
2488342
2487984
2487857
2489319
2488474
2488791
2489200
2490102
2489163
2488518
2488758
2488530
2489003
2488939
2488438
2488902
2489209
2489686
2489933
2489139
2489178
2489009
2489047
2489297
2490318
2489323
2489074
2489325
2489719
2489098
2489235
2489317
2489587
2489353
2489341
2490079
2490216
2490069
2489563
2489491
2489409
2490210
2490041
2490107
2489133
2488746
2489139
2488386
2489450
2489714
2488623
2488770
2488779
2489140
2488817
2489047
2488856
2488511
2487593
2487286
2487581
2487272
2487681
2487782
2488353
2487205
2487797
2487910
2488164
2488986
2487526
2486846
2487668
