798764
1249238
1249218
1249018
1248658
1248814
1248614
1249010
1248662
1248734
1248918
1248930
1255582
1255186
1255574
1255326
1254914
1254394
1254474
1254970
1254990
1255106
1254990
1254714
1254890
1254954
1254738
1254810
1255046
1254982
1254722
1254906
1255318
1254914
1254418
1255022
1255202
1254926
1255090
1254638
1254642
1254746
1255178
1255374
1255246
1254910
1254266
1254362
1254434
1254734
1254594
1254746
1254918
1254798
1255002
1255426
1255266
1254902
1254730
1254934
1255246
1254934
1254638
1254642
1255478
1255006
1254862
1255122
1255258
1255126
1255134
1254930
1254862
1255022
1254746
1254898
1254566
1254538
1255094
1255122
1254598
1254838
1254642
1254614
1254454
1254822
1255174
1255266
1254642
1254690
1255010
1255226
1254966
1255014
1255218
1254934
1254450
1254622
1254782
1254490
