485770
482403
206109
482287
482447
482299
482323
482391
482371
482339
482383
482371
482455
482475
482331
482099
482251
482347
482479
482547
482575
482467
482491
482395
482375
482427
482367
482295
482275
482259
482343
483715
484807
484655
484615
484631
484715
484759
484679
484635
484739
484827
484631
484667
484771
484751
484575
484575
484631
484695
484647
484599
484491
484447
484575
484527
484391
484391
484363
484439
484527
484463
484351
484411
484443
484315
484411
484435
484463
484595
484491
484335
484475
484567
484583
484443
484487
484487
484679
484583
484499
484491
484447
484455
484647
484743
484635
484611
484623
484659
484595
484679
484631
484555
484451
484547
484607
484531
484323
484455
