661319
3958305
3958988
3962099
3977627
3977561
3979041
3979925
3978289
3978241
3978559
3977943
3978525
3978842
3978743
3978763
3978635
3978579
3979025
3979169
3979711
3979247
3980129
3978857
3978761
3980021
3979126
3979221
3980061
3979683
3978449
3979275
3980295
3980608
3980649
3979459
3979223
3978704
3977113
3978035
3980023
3978923
3980031
3980644
3980956
3979807
3978573
3979937
3981401
3979825
3981705
3980549
3979399
3979449
3979043
3979051
3979889
3979527
3978885
3979373
3980585
3978923
3978553
3978099
3978429
3979571
3980243
3978759
3979721
3979552
3979241
3979001
3979127
3978649
3977487
3976921
3976773
3976508
3975847
3976181
3976387
3976627
3976995
3977273
3977335
3980301
3979054
3978293
3977877
3977351
3978227
3977907
3977149
3977347
3977573
3977864
3977405
3977617
3978351
3977603
