733847
187134
732212
732336
732332
732244
732088
732268
732268
732092
731988
732196
732272
732376
732372
732240
731976
732248
732176
731960
731852
735508
735292
735216
735272
735124
735324
735652
735292
735420
735592
735508
735756
735592
735812
735708
735712
735620
735492
735572
735492
735640
735808
735596
735512
735308
735320
735456
735272
735292
735164
735096
735196
734944
734872
734904
735020
735128
735128
735240
735036
735256
735212
735036
735120
735228
735172
735388
735288
735288
735440
735436
735516
735548
735460
735624
735708
735636
735564
735732
735644
735508
735544
735408
735448
735576
735560
735432
735460
735444
735524
735504
735400
735580
735564
735720
735804
735696
735496
735408
