405764
1989293
1989234
1989541
1990042
1990165
1989761
1995662
1999026
1999489
1999344
1999316
1999521
1999447
1999299
1999720
1999386
1999269
1998965
1999138
1999513
1999669
1999907
1999647
1999157
1999212
1998586
1998959
1998584
1998451
1998565
1998880
1998395
1998249
1998242
1998734
1998545
1998985
1998561
1998763
1998445
1998048
1998105
1997713
1998099
1997973
1998445
1998967
1999189
1998621
1998984
1999143
1998483
1998429
1998489
1998359
1998379
1999282
2000591
2000377
1999826
1999067
1999400
1999141
1999342
1999855
1999670
1999593
1999748
1999975
2000193
2000655
1999371
1999923
2000378
2000066
2000239
1999757
1999851
1998599
1998491
1998969
1998793
1999107
1999439
1999293
1999297
1998887
1998845
1999068
1999539
2000063
1999735
1999163
1999242
1999621
1998939
1999297
2000093
1999856
