755745
1732397
1732287
1732560
1732235
1732393
1732655
1732005
1734792
1740320
1740503
1740070
1740015
1739849
1740104
1739553
1739489
1739592
1739406
1740317
1740131
1740337
1739908
1740063
1739480
1739178
1739647
1740078
1739832
1739998
1740376
1739288
1739065
1739802
1740285
1740420
1740872
1740891
1740605
1740624
1739938
1740361
1740182
1740640
1740365
1740201
1740739
1740187
1739361
1738787
1739290
1739443
1739237
1739082
1739018
1739934
1739673
1740258
1739788
1739787
1740122
1739787
1740120
1740130
1739484
1739545
1739832
1739688
1739216
1739173
1740050
1740009
1739644
1739630
1739972
1739932
1740259
1740353
1740235
1740677
1739725
1740401
1740299
1739985
1740333
1739728
1740446
1740644
1740800
1740134
1740194
1740016
1740618
1740281
1739538
1739500
1740006
1739957
1740012
1739836
