415285
1216851
1217075
1217207
1217343
1217555
1217443
1217611
1217683
1217651
1217515
1217519
1219851
1223495
1223675
1223379
1223371
1223695
1223079
1223103
1223287
1223535
1223195
1222927
1223043
1222971
1222775
1222635
1222991
1223295
1223763
1223943
1223519
1222875
1222779
1222807
1222715
1222943
1223283
1223455
1223259
1223455
1222731
1222775
1222911
1223023
1223031
1222679
1223007
1223111
1223267
1223139
1223251
1223387
1223247
1223039
1222571
1222823
1223243
1223039
1222795
1222875
1223219
1223219
1223067
1223103
1222975
1222831
1222867
1222923
1223143
1223283
1223379
1223371
1222883
1223207
1223355
1223363
1223111
1223659
1223655
1223643
1223123
1223055
1223127
1222407
1222579
1222675
1223071
1223515
1223603
1223543
1223091
1223767
1223595
1223407
1222759
1222587
1222919
1222743
