224118
1489442
1489016
1489233
1488797
1489377
1489196
1488930
1488933
1489183
1496392
1497413
1497608
1496997
1496677
1496857
1497077
1497501
1497144
1496970
1496800
1496797
1497104
1497118
1497632
1497817
1497582
1497867
1497430
1497706
1497568
1497000
1497017
1497357
1497141
1497340
1497017
1497107
1497276
1497309
1497872
1498300
1498338
1497530
1497557
1497262
1497750
1497935
1498025
1497266
1496885
1496597
1496304
1496520
1496818
1496613
1496413
1496370
1496516
1496490
1496520
1496831
1497085
1496919
1496780
1496708
1496646
1496464
1496563
1497130
1497015
1497019
1497315
1497039
1496926
1497110
1496827
1496458
1496938
1496785
1496930
1497038
1496135
1496189
1496000
1496202
1495956
1496186
1496362
1495810
1496128
1496290
1496583
1496206
1496591
1496140
1496155
1496251
1495921
1495346
