381725
1700193
1699801
1699829
1700021
1700085
1700293
1699961
1699785
1709061
1708465
1708341
1708261
1708281
1708337
1708297
1708409
1708033
1708013
1708145
1708685
1708637
1708069
1708285
1708221
1709037
1709285
1708781
1709433
1709065
1708865
1708981
1708945
1709105
1709233
1708957
1709049
1709153
1709217
1708893
1708949
1708949
1708921
1708701
1709349
1708665
1708893
1709553
1709885
1709453
1708969
1708421
1708689
1709165
1709001
1708849
1708685
1708637
1708505
1708729
1708381
1708925
1708737
1708337
1708597
1709081
1708385
1708353
1709285
1709269
1709285
1708857
1708721
1708257
1708405
1708021
1708153
1708605
1708521
1708149
1708205
1708681
1708309
1708201
1708041
1708325
1708441
1708741
1708045
1708809
1708541
1708445
1708973
1708461
1708397
1708485
1708389
1708057
1707645
1707993
