580084
732277
732469
732581
732517
732553
732557
732593
732497
732721
732553
732653
732573
732469
732405
732409
732489
732345
732405
732573
732537
736313
736137
736145
735933
735969
736093
736161
735961
736005
736093
736117
736061
736265
735949
735973
736221
736129
736117
735853
735997
736081
736017
735881
736181
736137
736245
736149
736013
736037
736025
736009
736021
736157
736409
736485
736317
736025
735937
735949
736045
736029
736317
736289
735957
736073
736097
736177
736225
736241
736401
736221
736297
736337
736241
736165
736209
736317
736197
736189
736085
736021
736177
736397
736361
736125
736173
736025
736121
736085
736369
736241
736481
736393
736309
736249
736097
736317
736565
736597
