655588
2722761
2722482
2722087
2722304
2729718
2737596
2736883
2737112
2736317
2734656
2735911
2736199
2736202
2736864
2736819
2736346
2736002
2735541
2736277
2736892
2736302
2736150
2736336
2736059
2735567
2735454
2735073
2733858
2733915
2733528
2734213
2735424
2735975
2735757
2734255
2733925
2733425
2733584
2733364
2733312
2733470
2733712
2733187
2733107
2733455
2734390
2733740
2732885
2733483
2732864
2733251
2733231
2733210
2733368
2733615
2733495
2733403
2732920
2733972
2733640
2734936
2734917
2735456
2733826
2734410
2734025
2733723
2733608
2733187
2733381
2733072
2733144
2734067
2733676
2733840
2734294
2733918
2734584
2734003
2734363
2734566
2733980
2735059
2735416
2735228
2734573
2734275
2733524
2734382
2733660
2733705
2733265
2734335
2734030
2733830
2733073
2734254
2734496
2733764
