847676
3953619
3954686
3959084
3974688
3974107
3974391
3974493
3973413
3973707
3974603
3974166
3972219
3971570
3974174
3973898
3974311
3978156
3975524
3974228
3974322
3973784
3972602
3973419
3972912
3972989
3973223
3972392
3972348
3971777
3971805
3971551
3972092
3972238
3972267
3973361
3973424
3973774
3972915
3972254
3971920
3973286
3972529
3972031
3972977
3972664
3972222
3972531
3973139
3972075
3972156
3971482
3972348
3973203
3972423
3973258
3971833
3972444
3971184
3972052
3972377
3972187
3972415
3972412
3971856
3972068
3971993
3973016
3972790
3972893
3971713
3971528
3971337
3970929
3971567
3971658
3971557
3971968
3972331
3972488
3972260
3970926
3971424
3971618
3973767
3975459
3974192
3973385
3973919
3973420
3973928
3974256
3975256
3975853
3974180
3974240
3975675
3975416
3974797
3973354
