433716
1256530
1257186
1256782
1256682
1256346
1256642
1256862
1256810
1256730
1256498
1256450
1263118
1263094
1262758
1262774
1262654
1262262
1262402
1262986
1262946
1262394
1262546
1262382
1262610
1262762
1262566
1262810
1262714
1262770
1262978
1262830
1262522
1262658
1262730
1262770
1262794
1262718
1262970
1262766
1262550
1262666
1262650
1262850
1262946
1262942
1263290
1263382
1263562
1263622
1263814
1263978
1263446
1263210
1262962
1262838
1262926
1262974
1263046
1263286
1263062
1262890
1262946
1263142
1263026
1262766
1262842
1263138
1263486
1263378
1263414
1263234
1262994
1263150
1262342
1262642
1262550
1262742
1262834
1262782
1262486
1262554
1262414
1262634
1263286
1262778
1262710
1262730
1262650
1262962
1262890
1262618
1262330
1262786
1262374
1262714
1263106
1263170
1262738
1262474
