734502
718572
718416
718520
718520
718792
718964
718620
718656
718648
718408
718348
718624
718752
718804
718812
718824
718964
718816
718864
718452
722400
722268
722284
722504
722396
722288
722384
722272
722112
722120
722256
722328
722204
722140
722204
722296
722212
722192
722028
722300
722312
722292
722212
722408
722300
722336
722260
722392
722432
722360
722556
722276
722180
722196
722140
722084
722164
722444
722492
722584
722496
722256
722524
722420
722416
722488
722576
722256
722068
722012
722060
722128
722264
722264
722392
722260
722108
722336
722268
722112
722088
722140
722372
722320
722204
722156
722332
722212
722332
722268
722164
721900
722184
722212
721872
721880
722096
722128
722104
