863737
1500299
1500215
1500731
1500463
1500383
1500407
1500383
1501147
1501411
1508187
1508423
1508123
1507703
1507559
1507935
1508099
1508107
1508363
1508419
1508423
1508427
1508699
1508807
1508863
1508711
1508779
1508719
1508823
1508719
1509019
1509303
1508807
1508931
1508743
1508743
1508615
1509143
1509095
1508835
1509079
1509007
1509035
1508955
1509231
1508875
1509287
1508683
1508359
1508431
1508391
1508779
1508619
1508819
1508667
1508279
1508247
1508331
1508003
1508079
1508159
1508467
1508739
1508399
1507639
1507863
1508147
1507687
1507947
1507939
1507679
1507943
1508199
1508175
1508083
1508083
1508343
1508019
1508023
1507531
1507671
1508155
1508275
1508443
1507891
1508059
1507907
1507867
1507767
1508111
1507891
1507735
1507895
1508023
1507763
1507647
1508167
1507351
1507255
1507115
