351466
2206089
2206331
2206448
2205912
2205524
2207597
2216387
2216473
2216577
2216872
2215979
2215930
2216898
2216537
2216261
2216275
2216976
2216958
2217468
2217350
2216459
2216438
2216425
2215805
2215823
2215728
2216316
2216348
2217703
2217459
2217488
2217448
2217686
2217609
2217236
2216817
2217083
2216647
2216325
2217626
2217296
2216497
2216909
2217728
2216746
2216429
2216826
2216442
2216081
2217103
2216481
2216716
2216247
2217135
2218023
2218195
2218524
2217958
2217983
2218124
2218323
2218651
2218552
2218564
2218822
2218740
2218250
2218413
2217274
2217063
2216964
2217031
2217220
2216836
2218107
2217732
2218022
2217352
2217251
2218127
2218299
2218549
2218733
2217067
2217144
2216821
2217284
2217267
2216913
2216658
2217157
2218076
2217750
2218655
2218316
2217247
2217157
2217298
2217758
