822942
1214522
1214486
1214510
1214018
1213558
1213574
1213722
1214078
1213782
1214282
1214290
1217698
1220282
1219770
1219974
1219782
1219638
1219554
1220098
1220642
1220294
1220002
1220094
1219898
1219466
1219226
1219422
1219830
1219682
1220062
1220022
1219906
1219490
1219514
1219198
1219398
1219550
1219514
1219810
1219746
1219706
1219850
1219802
1219670
1219570
1219366
1219338
1219374
1219250
1219542
1219358
1219862
1219802
1219422
1219534
1219214
1219242
1219462
1219794
1219562
1220034
1220202
1220186
1220254
1220082
1219734
1219782
1220398
1220354
1219742
1219766
1219882
1219698
1219466
1219678
1219702
1219782
1220274
1219906
1219802
1219822
1219974
1220006
1219962
1219894
1220170
1220050
1219742
1219734
1219690
1220002
1219526
1219802
1219490
1219386
1219762
1219670
1219834
1220006
