236554
235413
81848
235445
235389
235385
235473
235333
235397
235381
235333
235349
235369
235349
235397
235349
235345
235309
235345
235353
235365
235281
235353
235441
235449
235381
235405
235365
235277
235437
235477
235405
235357
235297
235353
235309
235389
235389
235353
235417
235377
235369
235413
235357
235453
235429
235369
235393
235325
235353
235313
235257
235325
235301
235321
235413
235477
235553
235573
235489
235469
235409
235445
237413
236593
236665
236665
236585
236641
236673
236629
236585
236605
236533
236617
236625
236625
236637
236561
236573
236573
236589
236529
236485
236625
236553
236545
236589
236557
236545
236505
236469
236513
236561
236481
236513
236513
236545
236581
236545
