851993
3185112
3185620
3185432
3190295
3200204
3200990
3201083
3201082
3201336
3201538
3201459
3200559
3200819
3200971
3200508
3200401
3201040
3202174
3200484
3199855
3200889
3201251
3201044
3201631
3201026
3200445
3200140
3200988
3200187
3200043
3200035
3200819
3199965
3200121
3200402
3201111
3201145
3200808
3201239
3201303
3201687
3201035
3202701
3201285
3200848
3201201
3202361
3202976
3202221
3202975
3203497
3202588
3202647
3202669
3201980
3202302
3201857
3202614
3203222
3204506
3203666
3203409
3203853
3203275
3203807
3202723
3203121
3202567
3203560
3201921
3202499
3202131
3200591
3200252
3200760
3200975
3200947
3200544
3201077
3200248
3201851
3201595
3201205
3201505
3201956
3201183
3201512
3200933
3201230
3201259
3201828
3201972
3201658
3202838
3201845
3201767
3201861
3202220
3201644
