674080
2965796
2966518
2965336
2965652
2980883
2982419
2981687
2980443
2981904
2980784
2981247
2980557
2981099
2981045
2980036
2980300
2981386
2982317
2981744
2980935
2981020
2981480
2981684
2981895
2982160
2980360
2980562
2981240
2980741
2980480
2981394
2981964
2980757
2979791
2980691
2980727
2980681
2981399
2981340
2980134
2980156
2979624
2979763
2979051
2978320
2976204
2978515
2979220
2980294
2978952
2980356
2979283
2978794
2979236
2980355
2979943
2979747
2978341
2978904
2979035
2980200
2980231
2979593
2979677
2980583
2980922
2980930
2980625
2980841
2981534
2981018
2980740
2980592
2980270
2980221
2980283
2981316
2980845
2979824
2980559
2980342
2979752
2980719
2980698
2980793
2980809
2980120
2979652
2980136
2979811
2979525
2980596
2980296
2980421
2980488
2979924
2981343
2981121
2980156
