720511
2705542
2705468
2705321
2706292
2713424
2720415
2719626
2719990
2719436
2719165
2719307
2718693
2718781
2719459
2719929
2719735
2719478
2719755
2719748
2718898
2719327
2719961
2720227
2719635
2719382
2719665
2720015
2720299
2718639
2719573
2719503
2719731
2718548
2720268
2720410
2719568
2719408
2719059
2718419
2718662
2718555
2719088
2720081
2719711
2719567
2718570
2718744
2718851
2719645
2720250
2719529
2719289
2719891
2719331
2719572
2718658
2718276
2718328
2718952
2718988
2718656
2719212
2718741
2718378
2719552
2719993
2719151
2718499
2719247
2718267
2718589
2718722
2719141
2719202
2718412
2718679
2719891
2719156
2718628
2718518
2719702
2719941
2719615
2720122
2721022
2719365
2719222
2718581
2718581
2717950
2718133
2718621
2719026
2719112
2718695
2719691
2718669
2718473
2719135
