555737
2204922
2204577
2204885
2204577
2204088
2206360
2215208
2215051
2215258
2215638
2215744
2215570
2215185
2214249
2214671
2214658
2216020
2216100
2215545
2214886
2214468
2214660
2214270
2213357
2213656
2214268
2214565
2213390
2213806
2213127
2213710
2213426
2213160
2213571
2213524
2213944
2214374
2214156
2214564
2213843
2214175
2213558
2213758
2214262
2214215
2214288
2213932
2214196
2214465
2214477
2214348
2214267
2214859
2215219
2215417
2214935
2214085
2214060
2214623
2214514
2214098
2213844
2214604
2214479
2214385
2214879
2214014
2213738
2214484
2214570
2214891
2214724
2214238
2214199
2213957
2213977
2213078
2213535
2213552
2214210
2213338
2213760
2213666
2214106
2214431
2214139
2214082
2214468
2214723
2214378
2214364
2214732
2214141
2214495
2213980
2213418
2213595
2213865
2214433
