50629
61151
61163
61151
61151
61143
61135
61155
61151
61159
61155
61183
26366
61167
61179
61179
61175
61171
61179
61175
61163
61151
61183
61167
61199
61187
61175
61175
61195
61183
61187
61187
61195
61175
61191
61183
61191
61191
61199
61195
61203
61179
61159
61183
61183
61175
61155
61143
61155
61159
61155
61163
61155
61179
61175
61151
61151
61155
61147
61139
61159
61159
61159
61151
61163
61147
61163
61147
61155
61167
61159
61151
61151
61127
61123
61159
61163
61171
61171
61159
61151
61143
61131
61171
61147
61163
61139
61175
61183
61155
61143
61151
61151
61147
61167
61147
61147
61111
61115
61127
