700181
961442
961326
961466
961282
960958
961246
961030
960990
961022
960966
960602
960498
960490
960670
962526
965114
965246
965274
964938
965226
964818
964866
964966
965278
965102
964970
964806
964938
964982
964978
964966
964942
964946
965030
965438
965258
965514
965642
965654
965466
965138
965254
965338
965554
965474
965646
965302
965302
965238
965418
965322
965334
965446
966018
965686
965338
965242
965290
965478
965574
965666
965630
965426
965290
965574
965798
965710
965862
965810
965662
965610
965510
965478
965402
965354
965454
965602
965382
965338
965378
965374
965522
965206
964858
964818
964910
964802
964766
964538
965090
965366
965222
964970
964914
964510
964698
964870
964966
965114
