519175
722468
722492
722268
722268
722408
722440
722388
722412
722212
722100
722192
722028
721956
722324
722292
722444
722372
722468
722364
722196
726036
725780
725692
725820
725964
725756
725800
725804
725948
725832
725856
725836
725768
725864
725900
726016
726072
726056
726056
726032
726000
726112
725896
725960
726120
725820
725904
725876
725912
725992
725988
725952
726024
726268
726100
726364
726164
726048
726080
725976
725856
725780
725968
726052
726064
726072
726384
726200
726172
726392
726260
726076
726168
726160
726168
726136
726136
725980
725848
725920
725724
725768
725852
725980
726072
726048
725908
726252
726124
725948
726000
725584
726068
726024
725896
725900
725964
725860
725712
