391371
3686563
3686722
3686917
3704351
3704676
3704428
3704678
3704568
3705764
3705084
3705260
3705050
3704044
3704528
3705746
3707124
3706444
3706516
3706172
3705144
3704058
3704536
3704000
3704066
3704666
3704956
3706574
3705138
3705628
3705164
3704472
3705744
3704000
3705098
3705402
3704696
3704821
3704594
3705368
3706669
3705140
3705912
3705888
3705752
3705395
3706664
3706806
3705804
3706568
3707020
3706926
3707160
3706188
3705974
3707062
3707392
3705706
3705500
3705326
3705620
3706464
3705974
3706616
3705976
3704771
3704966
3705738
3704996
3703350
3704920
3705176
3705014
3705022
3705038
3704573
3704550
3704480
3704602
3706600
3705901
3707402
3706700
3706734
3707242
3706434
3707246
3705716
3706422
3706620
3706401
3706320
3706964
3706574
3705114
3705270
3706360
3707746
3706894
3706698
