658390
2744334
2744321
2743645
2743949
2753079
2758776
2759023
2758666
2758008
2758512
2758551
2758849
2758343
2756905
2758079
2758780
2759362
2758810
2758880
2759151
2758127
2758034
2759307
2759266
2758755
2758455
2758529
2758124
2757687
2758438
2757974
2757568
2758135
2758610
2758823
2757553
2758509
2758958
2759273
2758935
2757727
2757524
2757028
2757536
2758051
2757976
2757439
2758728
2759991
2759513
2759774
2759562
2759682
2759466
2759134
2758148
2758130
2758814
2758741
2758294
2758454
2759634
2758514
2758184
2758817
2760161
2758708
2759535
2758408
2758063
2757770
2757765
2759039
2758588
2759121
2758784
2758373
2758742
2758452
2758712
2758720
2758749
2757807
2758584
2758462
2757920
2757521
2757487
2756483
2757422
2759017
2757917
2757751
2757159
2757000
2757455
2757984
2757899
2757923
