960839
2941547
2941683
2941273
2942023
2954632
2957440
2956753
2957139
2957327
2957391
2956120
2956311
2955910
2956306
2957277
2957533
2956673
2956787
2956846
2957839
2956452
2956523
2956535
2957145
2956974
2956576
2955495
2955607
2955890
2956082
2956307
2956194
2955486
2955927
2954671
2955336
2955271
2956114
2956569
2956179
2955480
2956415
2955926
2956639
2955728
2956173
2956122
2956344
2956772
2956106
2957208
2956601
2956734
2958350
2958615
2958065
2956849
2955772
2955766
2956470
2956243
2955672
2955772
2955480
2955339
2955104
2955834
2955902
2955325
2955986
2955618
2956171
2956111
2956655
2956919
2957361
2956738
2955448
2956153
2955813
2956038
2956301
2957824
2956956
2957134
2957119
2956585
2956637
2956258
2956416
2957596
2956991
2956138
2955901
2957031
2956798
2956445
2957443
2956423
