616287
1949299
1948723
1948477
1948961
1948386
1948401
1952815
1958816
1957920
1958294
1958713
1958514
1959610
1959768
1959840
1959089
1958610
1959076
1959518
1959302
1959808
1959110
1959698
1959482
1959570
1959746
1959650
1959397
1959364
1959029
1958952
1959114
1959094
1959104
1958076
1958144
1958080
1958009
1958334
1958164
1958210
1958870
1959024
1959714
1959490
1958966
1958625
1958289
1958581
1958300
1957988
1958021
1958458
1958182
1958060
1958210
1958262
1958168
1957570
1958296
1958502
1958472
1958592
1958021
1958486
1957996
1957528
1957736
1957544
1957842
1958018
1958844
1958378
1958208
1958858
1959012
1958516
1958038
1957482
1956758
1956869
1958178
1957506
1957708
1957174
1957424
1958264
1957854
1957908
1958110
1958090
1958152
1958054
1957454
1958158
1958204
1958046
1957888
1957884
