775437
3972493
3971998
3976033
3991840
3991974
3991351
3991403
3991579
3992094
3992340
3993213
3991550
3992057
3993614
3993850
3994382
3994219
3994953
3994542
3992779
3993843
3994873
3994131
3994589
3992858
3993413
3992283
3991534
3992395
3991807
3991538
3990862
3990778
3991969
3991081
3991089
3992188
3992922
3994783
3994652
3994544
3993226
3993735
3993581
3992805
3992632
3992884
3993588
3994758
3992840
3992591
3992764
3994059
3992849
3993288
3993025
3992570
3992080
3992191
3992273
3993093
3992392
3991755
3991972
3992770
3992527
3993126
3993069
3994732
3995276
3994615
3993846
3994845
3995046
3992778
3993803
3994861
3994026
3994274
3991982
3991602
3990046
3991044
3991070
3992286
3994006
3992394
3993301
3991756
3991924
3992337
3992877
3992560
3991766
3991200
3993777
3993579
3994128
3993307
