639423
2438215
2438865
2438391
2438712
2438734
2448410
2449909
2450189
2449654
2450082
2449548
2449448
2450278
2450173
2450427
2449554
2449032
2449633
2450150
2450149
2449750
2449115
2448483
2449221
2449181
2448358
2449214
2449909
2449164
2450159
2449656
2449488
2450125
2449477
2450191
2450531
2450096
2450030
2449919
2450296
2451104
2451438
2451024
2450517
2449824
2450337
2451292
2451500
2451030
2451992
2450851
2450508
2450415
2450621
2451190
2451947
2452025
2452357
2451252
2450969
2451168
2451777
2451336
2450900
2450598
2451057
2451685
2451116
2450687
2451561
2451914
2450233
2450709
2450459
2451277
2450487
2450273
2450452
2451079
2450056
2450084
2451411
2451119
2450595
2450303
2450565
2451223
2450892
2450820
2450815
2451103
2450607
2450427
2450923
2450571
2451665
2451607
2451680
2451044
