318159
972109
972281
972137
972509
972245
971805
972017
971821
971909
971585
971609
971717
971829
972005
974089
977125
977357
977369
976981
977013
977237
977161
976997
976833
976705
976705
976629
976557
976645
977101
976861
976657
976773
976789
976801
976757
976521
976569
976589
976869
976913
976533
976425
976737
976937
977061
977261
977053
976897
976709
976833
976673
976689
977045
977305
977213
977233
976977
976849
976569
976429
976093
976165
976325
976221
976569
976537
976329
976681
976681
976549
976725
976641
976821
976525
976449
976605
976761
976521
976873
976817
976781
976809
976857
976793
976481
976517
976953
976125
976325
976305
976497
976265
976133
976045
976325
976673
976493
976185
