281755
476787
476779
476759
476843
476819
476763
476783
476979
476871
476955
476919
476907
476903
477007
476955
477071
477003
476887
476815
476859
476851
476819
476727
476663
476835
476955
476931
476843
476847
476767
478691
479123
478971
478971
479071
478955
478999
479091
479083
479123
479079
478867
479039
479067
479163
478983
478935
479039
479135
479011
479267
479255
479039
479119
479247
479115
479259
479379
479199
479095
479163
479271
479299
479171
479151
479083
479199
479011
479087
479003
478999
479143
479227
479231
479343
479407
479303
479163
479059
479187
479275
479251
479127
478939
478967
478963
479131
479287
479151
479283
479483
479503
479327
479319
479323
479255
479375
479247
479191
