565927
3954411
3953921
3957018
3972015
3972200
3972523
3971907
3971530
3971077
3973202
3972738
3973094
3972794
3973862
3975211
3974342
3973354
3973325
3971590
3973577
3974381
3974623
3974606
3974788
3974602
3973938
3973746
3975227
3973338
3973951
3973979
3974593
3974674
3973410
3974071
3974623
3974490
3975282
3975612
3974418
3973970
3973394
3973315
3972418
3972467
3973238
3974277
3974068
3974140
3975554
3973968
3974471
3973984
3973332
3974853
3975755
3975832
3975452
3973939
3974494
3974794
3975231
3974270
3974509
3975702
3975083
3974406
3973010
3972515
3972954
3973108
3973304
3973603
3973361
3973422
3973767
3973407
3973689
3973971
3977029
3976077
3975399
3974281
3975374
3975502
3975855
3976108
3975510
3974363
3974906
3974091
3974207
3975281
3975242
3973201
3975442
3975018
3975823
3974670
