484411
248429
469902
469934
469830
469822
469982
469966
469906
470010
469958
469934
469946
469866
469886
469934
469970
470058
469966
469954
469882
469686
469782
469878
469870
469834
469826
469850
469914
469950
469850
471870
472106
472210
472238
472154
472354
472370
472390
472278
472278
472262
472250
472234
472122
472190
472338
472290
472298
472210
472222
472270
472282
472270
472354
472430
472446
472174
472194
472278
472394
472262
472362
472382
472526
472314
472254
472330
472314
472226
472390
472638
472598
472418
472374
472442
472502
472210
472310
472142
472130
472122
472214
472254
472290
472294
472266
472230
472102
471914
472146
472234
472262
472266
472242
472326
472398
472366
472378
472370
