361952
2210992
2209767
2210719
2210197
2210399
2214551
2221324
2220665
2221660
2221514
2221459
2221991
2222733
2222466
2221879
2221703
2221509
2221964
2222141
2222493
2222462
2221532
2222329
2222923
2222884
2223052
2222769
2222561
2223264
2223378
2222915
2222712
2222717
2222507
2221040
2221663
2222204
2221868
2222151
2221746
2222302
2222547
2222560
2222348
2222451
2221977
2221819
2221766
2221944
2221752
2221476
2221182
2221347
2221917
2221875
2221682
2221107
2221843
2222073
2221845
2221788
2222224
2221653
2221892
2222123
2222566
2222314
2222708
2222467
2222606
2221750
2222563
2223058
2222486
2222863
2222886
2222780
2222535
2222368
2222443
2222294
2223084
2222063
2222249
2222592
2223828
2222910
2222541
2222475
2223059
2223159
2223955
2223912
2222959
2222859
2222587
2223283
2222991
2223195
