718588
3185851
3186530
3186918
3191386
3201261
3201673
3202646
3202349
3202893
3202752
3202530
3201700
3203956
3205307
3204617
3204623
3204884
3204526
3203911
3203722
3203962
3204374
3204771
3203801
3204413
3203142
3203377
3204707
3204453
3203782
3204268
3204523
3204001
3204619
3204693
3204109
3202872
3203646
3203680
3204977
3203890
3204246
3205154
3205141
3204347
3205802
3207405
3206166
3205022
3203811
3203188
3203166
3202826
3203938
3204283
3203990
3203822
3203794
3205096
3204331
3203630
3204866
3203162
3203111
3203020
3204358
3204890
3205215
3205033
3203376
3203320
3204340
3204867
3205051
3204540
3203854
3202180
3203132
3203432
3203280
3202982
3202189
3202626
3202026
3202197
3202173
3203146
3202781
3202681
3202186
3202320
3202704
3202865
3202325
3202273
3201537
3201209
3202753
3203648
