414950
975454
975562
975770
975246
975306
975178
975274
975014
975178
975266
975298
975598
975170
975022
976578
979818
979582
980122
979838
980010
980322
979958
980498
980618
980002
979450
979642
979742
979778
979542
979938
979790
979658
979754
980014
979938
980130
980070
980082
979794
980126
979882
979542
979610
979450
979698
979910
979598
979694
979742
979634
979670
979886
979598
979374
979574
980042
980226
979962
979858
979886
979706
979918
979766
979706
979678
979734
979658
979510
979806
979798
979674
979542
979402
979526
979538
979698
979634
979726
979706
979626
979726
979222
979274
979202
979346
979482
979750
979446
979486
979542
979822
979738
979990
980170
980262
980310
979990
979922
