942474
3721439
3720978
3720134
3736436
3738080
3738252
3738157
3737819
3737556
3737111
3736320
3736043
3737024
3739397
3738694
3738045
3738876
3739672
3737811
3737925
3737707
3738421
3738009
3738646
3737157
3736346
3736531
3737702
3736497
3736839
3736964
3736051
3736878
3736849
3736875
3737979
3737588
3737373
3736397
3736635
3737209
3737804
3736494
3737486
3736700
3736930
3736992
3736820
3737493
3736725
3737142
3737069
3739044
3737253
3737639
3737669
3736670
3736843
3735829
3736605
3737450
3736842
3736743
3737690
3736636
3735903
3735935
3736359
3736808
3736672
3737135
3738429
3738948
3737924
3736619
3735779
3735716
3737056
3736542
3736696
3737587
3736227
3736064
3737226
3736732
3735840
3735721
3735950
3736929
3736040
3736372
3737896
3737714
3736817
3737872
3737607
3735456
3737028
3736493
