788715
2235420
2235906
2235681
2235969
2235480
2238533
2247592
2247382
2247132
2247715
2247805
2248100
2247713
2247009
2247556
2247503
2247561
2247662
2247315
2248247
2248038
2247369
2247825
2247912
2247723
2247858
2247929
2248634
2248634
2248366
2247906
2247848
2247702
2247464
2247491
2248120
2247562
2247396
2247409
2247625
2247681
2247813
2247007
2246657
2246460
2246712
2247240
2248175
2246910
2246765
2247473
2247408
2247744
2248024
2247626
2247371
2246795
2246629
2246685
2247260
2247600
2247408
2248030
2247637
2247861
2247272
2247530
2247553
2247456
2246237
2246757
2246725
2247173
2247800
2247895
2248046
2248363
2248446
2247637
2248049
2247313
2247521
2247575
2247212
2247728
2247602
2248847
2249097
2249146
2249313
2249222
2249192
2249264
2249382
2249022
2248242
2248445
2248553
2248937
