486137
2955486
2956107
2954579
2953930
2968660
2968656
2969626
2968926
2969055
2968945
2968708
2968285
2967961
2968678
2968342
2968120
2967751
2967371
2967319
2968123
2967931
2966957
2966883
2965355
2965611
2966529
2966333
2967477
2967126
2966507
2966694
2966517
2967136
2967088
2967351
2968578
2969041
2968043
2967950
2969051
2968662
2967791
2967231
2967347
2967134
2966618
2967006
2966655
2967217
2967679
2969408
2968963
2968158
2968788
2968454
2966965
2966974
2966671
2967182
2967520
2968142
2967170
2966986
2967548
2967348
2967661
2967700
2968394
2969473
2969306
2969166
2969464
2968407
2968106
2968323
2968798
2968546
2968099
2968673
2967712
2966983
2967440
2968026
2968075
2966810
2967200
2967062
2966752
2967523
2967791
2968019
2967581
2968252
2968238
2968955
2969558
2969767
2969919
2969958
