763610
3484591
3484368
3484014
3494974
3498321
3497525
3497834
3498203
3498624
3499297
3498843
3497792
3498475
3498639
3498180
3498146
3498155
3497735
3499120
3498737
3497302
3499414
3501580
3505628
3506458
3506738
3506576
3501425
3500944
3500642
3506782
3501217
3500859
3505208
3500432
3505184
3501428
3501701
3500720
3506060
3505056
3500253
3501573
3505710
3500602
3505249
3501069
3506837
3506318
3506000
3505440
3507068
3507587
3506879
3500494
3500487
3500690
3500901
3506664
3505970
3501709
3505983
3501160
3500555
3505939
3501212
3507405
3506549
3507036
3507611
3508954
3507191
3506645
3501290
3501289
3500681
3501497
3505441
3499941
3506548
3505467
3505812
3506562
3506047
3506631
3506620
3507453
3506878
3506726
3507837
3507684
3506977
3501628
3505798
3505194
3500703
3506216
3500867
3500829
