927292
1941114
1941330
1940662
1940530
1941070
1940590
1941870
1949646
1949238
1949534
1949390
1949582
1949438
1949798
1950142
1949878
1950090
1949690
1950338
1949930
1949294
1949118
1949082
1948566
1949154
1949190
1949390
1949522
1949478
1949762
1949706
1949550
1949594
1949242
1949714
1950098
1950466
1949642
1949482
1950134
1949810
1949722
1949054
1949674
1949914
1949826
1950366
1950462
1950278
1950622
1950190
1950002
1950186
1949658
1949950
1950718
1950618
1950830
1950646
1950322
1950202
1950118
1950498
1950246
1950162
1949482
1949782
1949838
1949726
1949742
1950338
1949754
1949634
1949434
1949982
1950302
1949814
1950134
1950946
1950626
1951274
1950474
1950674
1950462
1950934
1950358
1949906
1950546
1950142
1949562
1950434
1950542
1950622
1950962
1950770
1950030
1950346
1950742
1950454
