1178923
2244060
2244344
2244296
2244032
2243882
2248494
2256179
2256033
2254860
2255148
2255016
2254666
2254900
2255156
2254876
2254442
2253420
2254657
2254959
2254894
2254232
2254817
2254336
2254744
2255647
2255636
2254929
2255933
2255454
2255917
2254752
2255392
2255827
2254811
2254364
2254570
2254799
2253996
2254394
2255032
2255056
2255073
2255376
2255068
2254687
2255877
2254229
2254062
2254916
2254339
2254444
2255435
2255532
2255728
2255419
2255117
2254286
2255020
2254271
2254227
2253967
2255304
2255446
2255323
2256240
2256748
2255632
2256566
2255951
2255642
2255686
2256751
2256579
2256321
2255633
2255686
2255821
2255636
2255630
2255880
2254996
2254682
2255524
2255104
2256415
2256179
2255671
2255522
2255024
2255140
2256096
2255861
2255879
2256355
2255898
2256685
2256863
2256774
2256113
