445588
2476576
2476784
2477684
2477288
2475934
2486152
2488037
2488537
2488634
2489144
2489613
2490518
2490488
2489500
2489131
2489669
2488829
2488666
2488150
2487367
2487393
2487981
2488638
2489022
2488153
2487735
2488308
2488685
2488492
2489389
2488728
2489517
2489488
2488994
2489744
2488788
2488828
2489297
2489774
2489028
2489264
2489059
2489783
2489357
2488919
2488654
2488573
2488455
2488594
2488362
2489094
2489086
2488578
2488389
2488357
2488234
2488065
2488587
2489146
2488986
2489566
2489920
2489007
2489897
2489117
2489850
2489852
2490108
2490004
2490008
2490266
2489951
2489358
2489569
2489597
2488774
2488944
2489378
2489668
2489334
2489149
2489829
2488921
2488549
2487626
2487192
2488714
2488171
2487152
2487419
2487096
2486517
2487076
2486867
2487516
2487488
2487983
2486572
2488027
