236933
244822
175508
244694
244706
244690
244690
244678
244690
244674
244670
244670
244694
244650
244682
244646
244622
244642
244618
244710
244738
244758
244706
244678
244622
244714
244622
244686
244646
244634
244638
244514
244526
244522
244518
244542
244690
244598
244622
244610
244546
244618
244622
244582
244610
244670
244646
244614
244726
244658
244714
244766
244842
244886
244866
244810
244806
244750
244754
244734
244690
244626
244742
246730
245874
245842
245806
245818
245814
245810
245902
245834
245838
245886
245814
245766
245802
245794
245826
245838
245830
245838
245874
245910
245894
245834
245794
245826
245850
245786
245810
245870
245814
245838
245830
245902
245802
245866
245942
245922
