236597
236679
192032
236691
236747
236735
236699
236687
236651
236619
236643
236615
236663
236687
236703
236659
236611
236635
236647
236575
236615
236687
236735
236735
236687
236663
236763
236691
236707
236715
236767
236651
236579
236671
236643
236707
236763
236735
236755
236751
236747
236767
236727
236763
236787
236671
236643
236667
236643
236647
236651
236703
236695
236719
236639
236739
236687
236715
236671
236719
236711
236695
236655
238455
237851
237923
237947
237951
237875
237851
237843
237851
237827
237927
237931
237815
237811
237791
237831
237875
237811
237839
237823
237835
237835
237907
237923
237919
237963
237875
237899
237915
237871
237867
237823
237771
237759
237755
237779
237799
