994905
2473619
2472670
2473721
2473964
2474049
2484072
2485601
2484993
2484495
2485143
2484291
2484699
2484872
2484859
2485891
2485201
2484999
2485364
2484342
2484447
2483687
2483239
2483655
2484509
2484839
2485459
2484367
2485083
2484073
2483697
2483995
2483959
2483257
2483599
2482883
2483445
2483723
2484059
2483995
2483313
2483815
2484039
2484227
2483763
2483543
2483319
2483209
2483867
2483899
2484276
2483511
2483351
2483547
2483915
2484231
2483771
2484112
2484891
2484592
2483919
2485139
2484521
2483295
2483735
2484963
2485037
2484855
2484967
2484787
2484803
2485320
2484348
2483960
2484311
2484287
2483949
2484349
2483883
2483559
2483207
2483835
2483491
2484303
2483711
2483823
2483035
2483357
2483827
2483387
2483935
2483387
2483471
2483395
2484063
2483783
2482935
2482743
2483137
2483553
