667771
1968113
1968035
1967419
1967768
1967790
1968501
1972511
1978470
1978085
1978094
1977624
1977959
1977983
1978179
1977846
1977838
1977685
1977130
1977965
1978321
1978074
1978348
1978040
1978177
1979877
1978155
1977844
1977928
1977995
1978199
1978957
1978903
1978350
1978598
1978487
1978651
1978076
1977547
1977713
1977702
1977595
1978087
1978845
1978460
1978064
1978246
1978273
1978044
1978117
1978154
1978121
1977828
1977538
1977966
1978380
1979282
1979430
1978690
1978233
1977705
1977726
1977866
1977933
1977995
1978231
1977945
1977734
1977975
1978141
1978434
1978339
1978377
1978217
1977814
1978417
1978445
1977678
1977590
1977243
1977307
1978039
1977293
1977614
1977630
1977115
1977064
1976698
1977381
1977021
1977585
1977439
1976795
1977001
1977431
1977910
1978217
1977756
1977423
1977196
