50180
59633
59641
59629
48320
59609
59613
59605
59605
59617
59605
59593
59589
59609
59617
59597
59609
59597
59653
59625
59617
59621
59613
59601
59613
59605
59585
59597
59589
59589
59613
59609
59601
59593
59601
59597
59621
59605
59613
59617
59593
59613
59593
59581
59601
59597
59617
59617
59621
59649
59617
59601
59605
59597
59597
59601
59585
59577
59609
59633
59601
59597
59593
59609
59597
59621
59633
59621
59609
59617
59617
59605
59617
59613
59609
59609
59633
59621
59629
59629
59625
59609
59621
59637
59617
59605
59629
59641
59649
59645
59613
59625
59621
59613
59613
59609
59609
59609
59597
59621
