1224120
3190400
3189629
3189609
3194844
3206101
3204775
3204158
3204794
3203862
3204517
3204545
3204405
3205462
3204768
3205142
3205277
3205192
3203831
3203885
3203865
3204046
3203033
3203641
3203728
3203324
3202380
3202948
3202812
3203937
3204112
3202653
3203427
3203683
3203798
3204829
3203418
3204102
3203753
3202767
3204208
3203978
3204024
3203314
3203770
3203699
3203144
3203533
3203375
3203706
3203711
3203819
3204702
3204086
3204858
3204473
3205301
3205808
3204758
3204150
3205378
3204404
3204230
3203990
3204778
3205101
3203858
3204137
3205000
3205053
3204554
3204237
3204912
3204913
3203615
3203289
3203766
3203241
3203843
3203845
3202967
3202884
3203188
3203578
3203417
3204149
3203590
3203663
3203100
3203120
3205064
3205896
3204614
3204190
3203839
3203017
3203217
3203505
3204418
3204189
