236665
244739
59852
244759
244675
244699
244731
244735
244695
244755
244767
244787
244775
244775
244855
244815
244871
244871
244835
244799
244799
244727
244731
244695
244727
244703
244795
244703
244807
244779
244723
244767
244851
244795
244759
244823
244751
244763
244811
244699
244747
244683
244739
244727
244735
244659
244739
244799
244799
244687
244695
244875
244891
244947
244911
244927
244831
244847
244891
244803
244811
244803
244827
246923
245951
245979
245967
245959
245927
245927
245847
245911
245903
245875
245911
245911
245891
245939
245915
245951
245987
246007
245999
245915
245947
245951
245943
245919
245967
245983
246003
245991
245943
245999
245951
245935
245947
245871
245923
245915
