1024869
3706599
3706615
3706121
3724659
3725937
3725576
3724075
3724371
3723031
3724096
3725226
3725405
3724061
3724471
3724435
3724805
3723832
3725714
3725566
3724762
3724240
3724819
3724527
3724154
3722044
3722350
3722652
3725066
3723085
3722778
3722667
3722360
3722432
3721978
3721631
3723332
3724872
3722871
3723665
3723803
3724163
3724393
3725033
3724736
3723948
3723718
3724917
3723740
3723301
3723650
3723962
3724352
3723432
3722292
3723105
3723854
3724656
3724022
3724898
3725677
3724344
3724364
3723501
3723597
3723530
3724524
3725065
3724312
3725907
3725092
3724523
3723382
3724412
3725573
3724519
3723909
3724396
3724015
3725191
3724612
3724300
3724072
3724325
3724137
3723395
3724201
3725528
3725158
3725659
3724923
3724472
3724957
3724099
3724754
3724507
3724000
3724123
3725126
3725254
