237583
238714
217601
238754
238830
238870
238798
238834
238826
238754
238714
238682
238718
238834
238802
238734
238782
238830
238814
238846
238838
238914
238906
238902
238926
238918
238858
238766
238734
238698
238858
238770
238738
238846
238778
238774
238846
238770
238722
238730
238710
238726
238786
238786
238750
238738
238762
238802
238734
238786
238822
238750
238770
238754
238722
238686
238778
238762
238794
238814
238846
238730
238730
240774
239982
240054
240034
239954
240062
239954
239934
239930
239894
239886
239942
239990
239978
239966
239930
239970
240014
240058
240022
240006
239970
239882
239926
239918
239922
239942
240002
239954
239994
239962
240046
240058
240034
239978
239942
239982
