242384
1724974
1724775
1724482
1725114
1724869
1725112
1724994
1728295
1733417
1733512
1733903
1734177
1734289
1733509
1733376
1734142
1734048
1734395
1733429
1733879
1733640
1734060
1734312
1734658
1733932
1734162
1733741
1734169
1733810
1733978
1734231
1734434
1733818
1734640
1735078
1733811
1734111
1733821
1733913
1733662
1734078
1734963
1735025
1734648
1734226
1734682
1735013
1734762
1734833
1734515
1734421
1734164
1733906
1733361
1733342
1733122
1734147
1734143
1734184
1734233
1733564
1733993
1734112
1734194
1734018
1733472
1733291
1733591
1733386
1733935
1734663
1734485
1734482
1733754
1734032
1734106
1733867
1734267
1734207
1734654
1734306
1734030
1733656
1733589
1733267
1733435
1733951
1733837
1733731
1734223
1734690
1734747
1734271
1733883
1733832
1734330
1734303
1734406
1733941
