788760
2714153
2715263
2716002
2715961
2721469
2728194
2728609
2728606
2727901
2728240
2728724
2728081
2727369
2727205
2728097
2728889
2728319
2728093
2728655
2728505
2728001
2729262
2730113
2729474
2729356
2729271
2729216
2729730
2728536
2728832
2728283
2728498
2727780
2728192
2728457
2729432
2728862
2727679
2727416
2729033
2728207
2728301
2728042
2727377
2728088
2727421
2727045
2727576
2727964
2728362
2728602
2728846
2728706
2727433
2727666
2727868
2728458
2728121
2728604
2729250
2729566
2729355
2729561
2728675
2728536
2729307
2728566
2727574
2727553
2728097
2727998
2728354
2728082
2728194
2727698
2728173
2728798
2728642
2728564
2728515
2729969
2728963
2728624
2728253
2729286
2728215
2728642
2727906
2727920
2728224
2728088
2727702
2728348
2728186
2727916
2728441
2727842
2728562
2727436
