235334
1754930
1754535
1754682
1755258
1754838
1754041
1754086
1759702
1763948
1763968
1763988
1763282
1763236
1762755
1763120
1763094
1763064
1763704
1763210
1763066
1763394
1763272
1763962
1763762
1763564
1763400
1763692
1763620
1763696
1762924
1762666
1762676
1762516
1763364
1762444
1762682
1763030
1763336
1763228
1763114
1763026
1762912
1762542
1762104
1762023
1762958
1763128
1762740
1763336
1764040
1764110
1763536
1762614
1762616
1762238
1763308
1763342
1763366
1763312
1763756
1763564
1763888
1763634
1764714
1763952
1763864
1763356
1762668
1762978
1762788
1762620
1762152
1762556
1762524
1762658
1762672
1762784
1762964
1763136
1762962
1763084
1762704
1762590
1762542
1762996
1763004
1762854
1763012
1763228
1763628
1763300
1762448
1762882
1763548
1763988
1763722
1764080
1763858
1763782
