1282505
2488636
2488452
2488305
2488470
2488114
2500122
2500049
2500147
2501275
2500411
2499975
2500158
2500153
2499561
2499324
2499086
2499468
2499281
2499545
2500246
2499763
2498925
2499345
2498954
2498733
2498461
2498896
2498898
2499985
2499536
2499462
2499149
2499286
2499050
2499208
2499258
2498716
2499464
2499412
2499827
2499940
2499624
2500302
2500370
2499950
2500196
2499246
2499715
2499488
2498702
2499281
2499970
2500154
2499924
2500132
2499754
2500545
2500324
2500588
2500320
2498990
2498280
2498218
2498538
2498476
2498605
2499227
2498652
2498392
2498533
2499212
2499738
2499190
2498968
2499517
2499002
2498509
2499070
2498996
2498822
2498928
2498262
2498611
2499109
2498130
2498752
2499288
2499516
2499002
2499112
2499587
2499444
2499435
2498953
2498495
2498053
2498434
2498617
2499303
