167807
3696050
3694934
3694315
3712794
3714668
3713977
3713262
3714066
3713418
3715070
3714502
3715032
3714022
3715815
3715356
3713507
3713503
3714351
3716496
3714130
3713950
3714417
3714917
3714001
3714247
3714428
3713315
3713863
3714611
3714643
3714367
3714005
3714341
3714642
3714785
3714881
3714267
3713079
3712916
3713807
3713400
3714013
3713545
3713351
3712912
3713689
3714086
3714258
3715647
3715028
3716475
3713708
3714704
3715800
3715222
3715224
3715097
3714776
3715588
3715081
3713992
3714286
3714940
3714039
3715327
3713597
3714573
3714405
3713903
3713874
3714722
3714510
3714545
3715825
3714573
3715118
3714442
3713705
3714722
3714570
3714671
3714500
3714677
3714662
3715975
3714627
3714074
3713072
3714847
3714393
3714763
3714949
3714855
3714880
3715125
3717035
3716566
3716007
3716030
