426486
2714888
2715428
2715268
2714800
2720511
2727943
2727743
2728277
2728489
2728798
2729146
2727945
2727952
2727976
2727678
2726952
2727013
2727580
2727996
2728281
2728204
2728026
2727488
2728173
2728219
2728591
2728004
2727226
2727265
2726997
2727783
2728127
2728126
2727623
2728297
2728767
2729456
2729582
2728117
2727868
2727152
2727460
2728009
2727840
2727544
2727985
2726814
2728340
2728345
2727328
2726689
2727120
2725957
2725703
2726298
2726340
2726393
2726178
2727912
2727784
2725677
2727114
2728316
2727476
2726662
2727065
2726580
2726576
2727140
2726468
2726792
2727940
2727424
2728308
2727949
2726519
2727627
2728096
2728623
2728156
2728667
2728329
2728879
2727797
2728117
2728285
2728301
2727228
2727997
2727645
2726957
2727228
2727632
2728485
2728635
2728188
2728598
2728182
2728123
