50064
60309
60309
60285
60289
60277
7157
60273
60293
60293
60301
60293
60301
60305
60285
60273
60297
60265
60273
60281
60293
60285
60281
60289
60289
60293
60293
60301
60285
60269
60289
60301
60305
60289
60293
60289
60277
60297
60273
60281
60281
60289
60297
60289
60301
60289
60293
60289
60293
60297
60289
60297
60285
60289
60285
60289
60297
60305
60289
60277
60293
60293
60281
60285
60297
60289
60277
60289
60313
60329
60293
60313
60293
60289
60293
60301
60297
60301
60333
60325
60321
60317
60325
60337
60329
60337
60313
60301
60313
60345
60333
60325
60349
60305
60297
60321
60309
60313
60317
60325
