589379
3492425
3492626
3492349
3504710
3447340
3446581
3448155
3447189
3448020
3448321
3448054
3448262
3449785
3448680
3449202
3448169
3447962
3448007
3447920
3447717
3447224
3447523
3448198
3447337
3448343
3448547
3447970
3447154
3447582
3447998
3447206
3447955
3448670
3448199
3447375
3448321
3447949
3447718
3447979
3447174
3447555
3447267
3446950
3448062
3448134
3448353
3447913
3448150
3447998
3448821
3449909
3449094
3449188
3449141
3449233
3448109
3447541
3448159
3448630
3447497
3447689
3447862
3447178
3447842
3448721
3448209
3447679
3447970
3447789
3447491
3447187
3447204
3448484
3449540
3447540
3446802
3447087
3449295
3449185
3449348
3451174
3451377
3450298
3451515
3450482
3449205
3448872
3450180
3450147
3449817
3450439
3448824
3448699
3448784
3448758
3450162
3449238
3449067
3447340
