978480
1699173
1698173
1698169
1698041
1698157
1698201
1698629
1698109
1707557
1706929
1707441
1706873
1706653
1706465
1706637
1705809
1705953
1705849
1705973
1706849
1706957
1706293
1706721
1706069
1706277
1707029
1707233
1707153
1706989
1707053
1707301
1707105
1707061
1706881
1706505
1706953
1706781
1706905
1706681
1706069
1706297
1705997
1706689
1706597
1706593
1705841
1705585
1705473
1705381
1705365
1705601
1706249
1705881
1705649
1705977
1706125
1705489
1705853
1705477
1705369
1704877
1705333
1705457
1705801
1705733
1705697
1705453
1705689
1705449
1705421
1706065
1705253
1705977
1705509
1705461
1705697
1705781
1705937
1705761
1705661
1706229
1705133
1705249
1705437
1705121
1705509
1705553
1705449
1705353
1705917
1705553
1705733
1705289
1705425
1705105
1705197
1705121
1705329
1705289
