294986
2445248
2445151
2444533
2444586
2445006
2454677
2456410
2455816
2455960
2456368
2456235
2457249
2456265
2456281
2455471
2456162
2456690
2457400
2457526
2456727
2456643
2456304
2456227
2455781
2455531
2456536
2456854
2456483
2456416
2456167
2456414
2455418
2455504
2456244
2456213
2455893
2456550
2456418
2456638
2456469
2457016
2456745
2456353
2456338
2456897
2456049
2455804
2456990
2457412
2458557
2458410
2456781
2456140
2455713
2455696
2455361
2456004
2455775
2455683
2456914
2456148
2455014
2455136
2455837
2455729
2455988
2454893
2455168
2456020
2455145
2455865
2456241
2455667
2455723
2455383
2454668
2455393
2455344
2455149
2454487
2454710
2454596
2455377
2455416
2455548
2455334
2455762
2455798
2455504
2455540
2455784
2455286
2454848
2455469
2455618
2455988
2456171
2456422
2456308
