334773
2999200
2999674
3000752
3000308
3015980
2952473
3013827
3013534
3014253
3013724
3014719
3015813
2953203
2952541
3015100
3014796
2952224
3014391
2952297
3014286
3013323
3013764
3013834
3013176
3012918
3013877
2951561
3014320
3013738
3013591
3014031
3013395
3013202
3013129
2952033
3012884
3012983
2950760
3013341
3014049
3014077
3014158
3014687
3015127
2952066
2952796
2951987
3014692
3014827
3014872
3015002
2952830
3013832
3013687
3014061
2952413
3015447
3015666
2953144
2953330
3014991
2953559
2953344
3015190
2953296
2953673
2953833
2953138
2953841
2953048
2952961
2954887
2954822
2954705
2954047
2953938
2954168
2953203
2953810
2953512
2952958
3016340
2954739
2953955
2953068
2953554
2954006
2954951
2954923
2953815
2952754
2953274
2952915
2952724
2953306
2953790
2953386
2953468
2953436
