485023
344521
488535
488487
488515
488643
488667
488775
488799
488899
488839
488739
488727
488807
488763
488819
488783
488879
488847
488759
488863
488899
488867
488903
488839
488807
488863
488787
488807
488787
488831
490911
491207
491175
491111
491127
491071
491147
491135
491075
491143
491235
491179
491003
491115
491135
491103
491303
491359
491231
491047
491243
491259
491355
491219
491247
491223
491211
491087
491115
491363
491343
491035
491067
491099
490975
491163
490915
490967
491099
491107
491043
491239
491271
491403
491211
491339
491379
491459
491463
491371
491211
491179
491039
491047
491119
491159
491047
491071
490999
491147
490991
491023
490975
491075
491143
491055
491127
491051
491103
