790636
2735495
2736091
2735501
2734867
2741345
2752771
2754136
2754430
2754957
2754713
2753889
2753090
2752682
2753415
2753192
2753795
2753472
2754880
2754500
2753487
2752643
2752938
2752694
2751901
2751113
2751233
2751840
2751809
2752826
2752521
2752877
2752763
2751772
2752932
2752231
2753014
2754436
2754877
2754742
2755050
2754759
2754721
2753851
2754253
2754795
2755231
2754548
2755143
2755304
2754744
2753928
2753985
2754953
2755138
2755335
2756193
2754815
2755036
2754662
2754359
2755662
2753690
2754280
2754854
2755678
2753999
2755363
2755628
2756193
2755542
2755837
2756347
2755659
2755671
2755629
2755882
2756335
2756343
2755365
2755397
2755210
2755451
2754739
2752739
2753007
2753588
2752861
2752382
2752488
2753182
2753422
2753916
2753117
2753192
2752945
2754199
2753718
2754530
2753848
