562587
3456059
3455383
3455237
3467955
3471683
3472955
3473155
3473055
3473785
3473288
3472765
3472306
3472897
3471879
3470879
3471823
3472427
3472851
3472373
3472053
3473667
3473424
3475059
3472659
3471849
3472871
3473581
3474967
3474095
3473231
3473221
3473644
3473613
3473573
3473185
3473143
3472400
3471685
3471635
3471947
3472003
3472205
3470527
3470698
3470567
3474047
3472707
3471195
3471411
3473537
3473185
3474644
3474199
3474007
3474519
3474125
3472447
3474323
3474501
3474091
3473064
3473438
3476853
3474511
3475707
3475450
3474669
3473941
3473211
3473209
3473679
3474267
3473399
3472585
3473521
3473703
3473709
3473733
3474025
3473915
3473917
3473686
3473997
3473435
3474624
3473377
3473273
3472375
3472293
3471557
3472973
3473107
3473421
3473837
3473583
3472937
3472455
3472212
3471635
