823048
3474733
3474874
3474158
3486654
3491166
3490957
3491431
3491317
3492996
3492842
3492852
3493003
3491599
3490732
3491163
3491661
3492186
3491593
3491443
3490985
3491432
3490018
3488849
3490412
3490275
3490135
3490936
3491417
3492016
3493108
3492305
3493312
3492975
3492933
3493228
3493277
3492264
3492275
3492179
3492276
3491733
3492275
3491124
3491509
3490662
3490997
3490690
3492215
3492281
3493166
3492600
3492103
3492133
3492387
3491775
3492674
3493079
3492672
3492353
3492471
3492621
3492758
3493894
3494006
3494566
3493715
3493400
3493247
3493561
3494085
3492841
3494129
3494399
3493527
3494265
3494908
3493741
3495227
3494738
3493345
3493514
3493831
3493604
3493605
3494225
3493196
3493229
3494382
3495190
3496403
3496374
3495278
3494653
3494920
3495045
3494698
3493736
3493203
3493078
