921303
2966649
2966776
2966663
2966858
2983422
2982692
2984319
2984501
2984705
2983914
2984314
2983149
2983588
2983729
2983336
2983225
2983485
2983373
2984235
2983393
2984492
2984496
2984298
2984164
2984505
2984361
2983362
2982755
2982625
2983122
2983682
2983285
2983677
2983670
2983969
2983002
2983934
2983554
2984098
2983610
2983850
2984832
2984893
2984199
2984396
2984634
2983359
2982251
2983595
2983631
2984536
2984576
2982985
2981743
2982173
2982426
2983624
2982644
2982494
2982457
2982390
2983386
2983070
2982141
2983103
2983131
2983210
2983093
2983035
2982975
2983058
2983360
2981791
2982854
2983123
2982324
2982449
2982388
2983347
2982692
2984023
2982320
2981720
2981886
2983093
2983437
2983700
2983157
2982376
2983758
2982942
2982025
2982912
2982989
2983351
2983184
2982869
2983304
2982181
