903134
3476775
3477340
3477657
3489427
3495762
3496164
3496044
3496275
3496188
3495437
3494856
3494029
3494913
3496570
3497705
3496566
3496666
3496654
3496225
3496383
3497169
3496561
3495449
3496026
3496788
3496686
3494989
3495750
3495631
3495115
3494761
3495281
3496206
3496072
3496362
3497100
3498183
3497808
3496794
3495898
3496390
3496681
3497096
3496308
3496740
3496739
3497104
3496099
3497209
3497545
3496478
3496562
3496499
3496531
3495255
3495834
3497214
3496576
3496154
3495750
3496415
3496449
3496243
3496628
3496971
3496124
3496883
3498520
3498654
3498582
3497817
3497050
3498168
3497105
3495863
3495610
3494818
3494880
3494568
3495584
3496731
3496429
3495335
3494196
3494937
3495772
3495422
3495799
3495629
3495519
3496408
3495660
3495874
3495795
3496093
3495084
3495846
3496507
3496592
