756612
3274068
3274209
3274207
3280579
3282501
3281396
3281091
3280050
3279637
3280460
3281848
3282232
3281137
3282751
3282075
3281095
3281315
3281811
3282651
3281380
3280861
3281741
3281628
3281735
3282125
3282273
3280987
3280819
3281148
3281680
3281557
3282991
3282487
3282962
3282882
3283078
3282028
3282578
3282462
3281091
3281278
3279628
3280726
3280741
3281064
3280866
3282482
3282098
3283190
3282528
3281031
3281590
3282661
3282940
3281990
3283051
3280767
3280360
3281251
3282766
3280644
3280933
3280923
3280904
3281863
3282179
3282891
3282075
3284253
3282298
3282982
3282514
3282382
3282368
3282932
3281764
3282522
3283535
3283404
3283568
3284034
3282432
3282309
3282207
3283207
3281328
3281635
3282051
3282530
3282886
3282483
3282214
3282711
3281996
3283305
3282444
3282263
3282039
3282527
