317988
2535801
2535759
2536115
2536053
2539621
2543257
2544307
2543690
2542412
2543485
2543348
2543835
2543776
2543546
2543172
2543713
2544064
2543952
2544503
2543752
2543727
2544208
2543301
2544059
2544197
2544010
2544282
2543579
2544080
2544525
2545250
2544552
2544575
2544966
2544537
2544362
2543904
2544267
2543945
2544570
2544179
2542996
2544247
2544523
2544820
2543430
2543625
2543907
2544972
2544937
2544943
2545017
2544963
2544722
2545387
2544906
2544979
2544422
2545372
2544235
2544482
2544975
2545321
2545137
2544267
2544775
2544452
2543153
2544067
2544714
2543492
2543822
2544208
2543856
2543829
2544579
2544346
2545167
2543380
2544917
2544826
2543756
2544695
2545661
2544950
2544042
2543262
2544312
2545270
2545203
2545527
2545911
2545661
2545494
2546314
2545128
2544095
2544675
2545813
