531074
1272771
1273172
1273013
1273255
1272966
1273029
1273021
1272873
1273402
1273326
1275401
1275864
1276111
1276150
1276215
1275686
1276019
1275877
1275199
1275418
1275308
1275149
1275465
1275676
1275893
1275698
1275746
1276027
1275494
1275800
1275703
1275766
1275459
1275853
1276324
1276160
1275410
1275540
1275714
1275405
1275173
1275095
1275081
1275195
1275065
1275089
1275257
1275709
1276037
1276266
1276010
1276603
1276465
1276113
1276698
1276416
1276434
1276010
1275782
1276189
1276266
1276288
1276363
1276377
1276578
1276521
1276168
1275856
1276702
1276367
1276765
1276538
1276459
1275985
1276483
1275915
1276228
1275881
1276009
1275706
1275764
1276346
1276146
1276110
1275838
1275945
1276074
1276022
1275653
1275915
1276191
1275681
1276401
1275728
1275991
1276209
1275889
1275251
1275294
