442198
4012460
4011170
4017087
4022658
4023732
4023993
4021957
4023725
4020922
4022677
4021930
4022108
4021355
4020798
4022190
4020924
4021061
4021604
4020144
4021528
4020972
4021740
4020550
4021832
4021111
4020129
4020185
4019597
4019680
4019082
4019032
4018093
4018291
4017499
4018335
4018843
4018845
4019382
4019140
4018558
4019638
4020249
4018951
4020232
4020793
4020659
4022407
4021208
4020938
4022130
4022786
4022168
4021976
4022486
4021812
4021656
4022269
4023547
4021601
4020499
4021008
4020108
4021526
4020895
4020456
4022177
4022523
4020730
4019724
4021181
4020135
4021767
4020128
4020545
4020479
4021410
4021146
4019961
4020800
4019635
4020477
4020022
4022618
4021381
4021019
4020442
4020906
4019642
4019547
4019416
4019088
4020127
4020325
4021370
4020687
4020817
4021767
4019601
4020922
