383195
518634
518610
518758
518794
518646
518570
518546
518642
518850
518786
518842
518790
518662
518710
518770
518914
518814
518846
518778
518726
518698
518730
518574
518630
518782
518810
518778
521070
519906
519962
520038
520090
519914
519790
519870
519846
519974
519978
519742
519870
519866
519878
520050
520026
520154
520206
520126
520090
519890
520010
519994
519986
520070
519982
520106
519914
519854
520174
520162
520154
520118
520014
520054
520002
519942
519982
519778
519754
519906
519874
520026
520114
519994
520006
519790
519762
519798
519990
519894
520002
519890
519986
519970
520154
520130
519910
519958
520022
520030
520046
519962
520018
519966
519966
520102
519838
519998
519978
519990
