55521
54166
54174
54186
54190
54186
13686
54198
54198
54170
54154
54158
54142
54166
54194
54190
54174
54174
54178
54194
54174
54138
54170
54178
54174
54178
54174
54174
54162
54174
54186
54186
54166
54158
54146
54142
54146
54158
54130
54138
54142
54130
54162
54150
54146
54146
54170
54186
54174
54154
54162
54146
54162
54154
54126
54170
54178
54166
54170
54178
54186
54190
54202
54210
54182
54186
54162
54178
54166
54174
54170
54166
54178
54186
54154
54182
54154
54166
54190
54198
54162
54174
54194
54182
54174
54150
54190
54146
54138
54146
54150
54138
54134
54154
54138
54166
54166
54158
54170
54146
