497347
3493556
3494153
3493395
3501578
3502724
3501604
3501813
3502373
3499513
3500643
3498396
3499849
3499824
3498017
3499097
3501060
3500127
3498142
3498380
3499652
3499485
3499181
3500156
3500385
3500592
3500848
3500315
3499652
3499264
3500117
3500716
3501057
3500128
3500624
3502004
3501853
3502563
3502356
3501828
3500092
3500680
3500680
3500045
3498913
3499859
3499188
3500105
3500456
3500364
3500296
3499904
3499817
3500159
3499877
3500700
3500941
3500633
3500840
3501216
3500919
3500940
3501436
3501671
3501012
3501753
3499544
3502203
3501704
3501179
3500309
3501724
3500895
3500428
3499657
3499809
3500244
3500068
3500084
3499256
3500397
3499217
3500872
3501436
3498604
3498758
3498613
3500221
3500672
3499475
3497955
3500296
3500499
3501240
3502408
3500604
3500156
3499809
3499900
3500020
