732344
1521298
1521846
1521881
1522454
1522699
1522349
1522316
1522327
1525288
1525921
1526219
1525960
1525807
1525914
1525644
1524915
1525196
1524916
1525446
1526201
1525955
1526183
1526493
1525648
1526328
1526646
1526051
1525980
1525667
1526018
1526122
1525931
1525331
1525158
1524982
1526059
1526290
1526336
1526140
1525970
1526611
1527046
1526956
1526383
1526525
1526742
1526552
1526372
1526624
1526618
1526449
1526648
1526514
1526099
1526070
1525519
1525918
1526321
1526519
1526609
1527357
1527181
1526721
1526230
1526819
1526266
1526259
1525693
1526581
1526327
1526575
1526384
1526488
1526576
1527130
1527149
1527205
1527090
1527099
1527260
1527553
1527387
1527310
1526860
1526783
1526729
1527115
1526488
1526597
1526642
1526946
1527019
1526680
1527161
1526834
1525878
1525983
1525930
1526034
