623986
3476344
3475779
3476177
3483599
3484479
3483917
3484591
3484466
3483190
3483446
3483868
3484823
3484318
3484578
3485288
3483904
3485328
3484648
3485156
3485709
3485701
3486280
3485368
3483950
3485001
3485096
3486219
3485438
3486643
3486718
3486395
3486251
3486719
3485454
3485161
3486303
3485784
3486069
3485642
3485015
3485784
3485314
3487280
3486298
3486213
3486429
3486388
3485455
3483312
3483047
3482825
3483089
3483388
3483208
3484542
3483730
3485660
3484723
3483088
3483181
3484270
3483913
3485377
3485012
3484742
3484973
3484124
3486052
3486315
3486832
3486716
3486503
3486582
3485644
3487370
3487911
3486560
3485448
3483749
3483688
3483925
3485243
3484842
3483117
3483576
3484481
3484026
3485176
3484569
3485184
3485266
3485782
3486068
3486879
3486668
3486545
3485911
3486747
3485310
