55277
56442
49265
56466
56482
56474
56474
56462
56474
56442
56454
56474
56482
56474
56490
56490
56514
56498
56490
56498
56506
56502
56510
56490
56486
56494
56482
56502
56486
56506
56510
56506
56510
56482
56482
56482
56462
56466
56470
56490
56470
56482
56478
56502
56498
56482
56482
56470
56470
56466
56462
56494
56478
56478
56470
56474
56490
56490
56490
56494
56482
56486
56514
56494
56482
56486
56490
56478
56486
56494
56490
56478
56486
56490
56494
56478
56490
56482
56482
56474
56502
56498
56498
56494
56490
56506
56510
56506
56522
56530
56510
56502
56470
56486
56490
56494
56502
56494
56498
56510
