254921
1022004
1022183
1022282
1022119
1022352
1022007
1021856
1021982
1022161
1022092
1022297
1022512
1021933
1024816
1024549
1024828
1024914
1024668
1024559
1024371
1024521
1024543
1024386
1024488
1024653
1024205
1023885
1024496
1024252
1024169
1024057
1024539
1024229
1024220
1024084
1024122
1024109
1024263
1024242
1024433
1024688
1024681
1024765
1024616
1024421
1024710
1024485
1024368
1023969
1023930
1023960
1023938
1023915
1024029
1023500
1024014
1024453
1024356
1024193
1024416
1024192
1024177
1023804
1024044
1024258
1024340
1024062
1023801
1023755
1023530
1023708
1023889
1023769
1023634
1023867
1024165
1024423
1024105
1023644
1024088
1024162
1024481
1024696
1024317
1024623
1024684
1024607
1024989
1025172
1025047
1024979
1024681
1024405
1024217
1024389
1024632
1024568
1024815
1024878
