244317
165512
228630
228582
228598
228622
228590
228630
228582
228578
228602
228634
228634
228606
228602
228586
228586
228590
228630
228522
228574
228578
228558
228546
228606
228654
228662
228606
228610
228666
228562
228642
228606
228538
228686
228658
228674
228558
228618
228634
228594
228594
228602
228598
228622
228550
228710
228666
228702
228646
228734
228678
228566
228658
228606
228566
228566
228594
228462
228478
228514
228454
228450
230454
229014
229014
229022
229058
229098
229090
229146
229154
229114
229030
229026
229094
229046
229102
228998
229046
229030
229058
229110
229110
229154
229134
229046
229090
229134
229142
229110
229134
229174
229210
229154
229158
229046
229110
229098
229138
