508197
1530959
1530964
1530584
1530863
1531420
1531024
1531614
1531078
1533750
1535281
1534756
1534799
1534419
1534874
1534631
1535096
1535705
1535550
1535367
1534773
1535058
1535111
1534525
1535095
1534755
1535481
1535011
1535008
1535401
1535621
1535575
1535720
1535273
1534853
1535049
1534349
1534793
1534771
1534833
1534507
1534498
1533914
1534240
1534192
1534532
1535245
1534742
1535320
1534987
1535074
1534495
1534429
1534762
1534435
1534656
1533903
1534360
1534388
1533813
1534526
1534506
1534566
1534374
1534771
1535108
1535251
1535227
1535224
1534925
1534569
1534387
1534198
1534629
1534344
1534306
1535073
1534826
1534834
1534403
1534798
1534260
1534819
1534791
1534650
1534979
1534925
1535172
1535330
1534777
1535057
1534760
1534745
1534493
1534722
1534969
1534502
1534398
1534425
1534407
