477737
2531423
2531868
2531149
2532078
2534326
2537838
2538030
2538984
2539533
2538615
2538850
2538948
2538913
2538221
2537928
2537813
2538297
2537722
2537797
2537869
2537646
2538560
2539267
2538489
2538496
2539215
2538568
2537854
2537251
2537563
2537081
2537947
2537704
2537778
2538785
2538246
2538055
2537832
2538785
2537992
2539708
2538823
2538884
2537598
2537500
2539013
2538806
2539269
2540238
2539049
2538216
2538976
2538763
2538620
2539202
2538788
2537706
2538667
2539956
2539354
2538774
2539019
2538114
2538896
2539060
2539279
2537983
2538530
2538360
2538674
2538910
2539525
2538640
2538293
2538074
2538294
2538766
2538313
2538218
2538660
2538854
2537426
2536831
2537536
2537096
2536729
2537799
2536902
2537293
2538023
2538359
2539678
2539076
2538230
2538593
2538348
2536808
2538527
2538819
