342050
2522940
2521405
2521343
2521519
2526623
2528084
2529468
2529043
2527892
2528221
2528332
2528956
2529618
2529080
2528877
2528750
2528533
2528829
2529768
2530870
2530476
2529895
2530123
2530712
2529506
2530764
2531221
2531340
2530921
2530318
2529919
2529594
2529500
2529406
2529174
2528731
2528439
2530285
2530879
2529443
2530582
2529032
2529613
2529166
2529682
2529323
2528856
2528021
2527911
2527392
2528795
2529310
2529239
2528863
2529427
2529475
2529017
2529133
2528225
2528796
2528978
2528773
2527574
2527733
2528141
2527826
2527485
2528167
2528652
2527373
2527528
2527735
2527037
2527008
2527698
2528350
2528754
2528439
2528360
2529002
2529513
2528478
2528275
2528425
2528158
2528202
2527586
2526832
2527773
2528316
2528016
2527787
2528363
2528708
2529121
2528889
2527980
2528007
2528252
