593073
1744935
1744221
1744429
1744115
1745153
1744971
1745301
1748715
1748618
1748395
1748260
1748972
1749223
1749777
1749597
1749198
1748782
1749088
1749089
1748636
1748767
1748359
1748801
1749616
1749832
1749282
1749388
1749893
1749798
1749640
1749449
1749494
1749128
1749466
1749945
1749934
1749007
1749841
1748999
1749408
1748445
1748002
1748927
1748656
1748096
1748896
1749056
1749461
1748634
1748728
1748717
1748498
1748499
1749264
1749134
1748255
1749115
1748947
1748668
1748664
1749181
1749165
1749130
1749399
1749356
1749310
1748396
1747981
1747751
1748465
1747839
1748071
1748772
1748648
1748623
1748373
1748895
1749586
1749497
1749276
1748484
1748939
1749734
1749066
1749337
1748638
1748710
1748150
1748391
1748890
1749026
1748463
1748727
1749075
1749166
1748619
1749106
1748803
1749358
