226886
227431
227467
227491
227467
227503
227499
227383
227387
227399
227355
227415
227399
227531
227507
227463
227463
227487
227459
227459
227511
227499
227495
227579
227603
227587
227535
227575
227547
227511
227563
227531
227491
227383
227339
227483
227507
227495
227539
227483
227487
227611
227535
227531
227539
227519
227475
227551
227503
227471
227419
227339
227359
227363
227319
227323
227339
227291
227359
227387
227379
227387
227419
228647
227939
227979
227971
227919
227971
227915
227899
227911
227847
227891
227843
227875
227847
227935
227951
227907
227927
227899
227907
227919
227935
227855
227951
227955
227963
228015
227955
227907
227919
227923
227903
227847
227847
227823
227791
227827
