703738
2750671
2751021
2750283
2751437
2757221
2757646
2757184
2757404
2758209
2757184
2757641
2758062
2758561
2758673
2759045
2759083
2757601
2758975
2758361
2756793
2757507
2757347
2758932
2759517
2757990
2757450
2757778
2757414
2758149
2758533
2759137
2758224
2757984
2758687
2758164
2757984
2757598
2757812
2757758
2758328
2758821
2759104
2758507
2758753
2759303
2758884
2758888
2758891
2759314
2759125
2758187
2757740
2758811
2759126
2759134
2759000
2758348
2759059
2757921
2758241
2757844
2756777
2758140
2758103
2756905
2757448
2759189
2759304
2757649
2757918
2759526
2759412
2758981
2759112
2758433
2758634
2759054
2759599
2758113
2756736
2756630
2757563
2757584
2758292
2757388
2757374
2758921
2758510
2758059
2757315
2758001
2758224
2758509
2759285
2759064
2759039
2758002
2757597
2757679
