248480
1520029
1519585
1519657
1519640
1519381
1519732
1519843
1519963
1524489
1523691
1523450
1523233
1522969
1522726
1522637
1522812
1522646
1523136
1523360
1523453
1523146
1522578
1523471
1523149
1522879
1522642
1522907
1523162
1523893
1524103
1523358
1523123
1522804
1523231
1523409
1523637
1523262
1523496
1523291
1523285
1523718
1523608
1524215
1524208
1523727
1524128
1523153
1523550
1523585
1524488
1524304
1524235
1523498
1523512
1523144
1523483
1523721
1523783
1523470
1523270
1523430
1523790
1523689
1523510
1522871
1523215
1523452
1523006
1523320
1523079
1522943
1522796
1523528
1523329
1523251
1523107
1522828
1522958
1522458
1523276
1523148
1522920
1523400
1523136
1523312
1523161
1523190
1523580
1523181
1523147
1523574
1522941
1522873
1523446
1523053
1523732
1524080
1523605
1523521
