529205
3245572
3245809
3245427
3249801
3253249
3252772
3252281
3253303
3253260
3254252
3253248
3251895
3251773
3251980
3253008
3253468
3253979
3253811
3253094
3253259
3254620
3254260
3253428
3254621
3254442
3254019
3254039
3254624
3254439
3254911
3253422
3253337
3252506
3253205
3252165
3252933
3254979
3253356
3252092
3253809
3253651
3254513
3254338
3254433
3254561
3253844
3253799
3252558
3253484
3253441
3253420
3253467
3251931
3253482
3252860
3252959
3252786
3251791
3251831
3250447
3251659
3252309
3253199
3252366
3250680
3251944
3251482
3252188
3251983
3253612
3253870
3253325
3253113
3252920
3252067
3251879
3251684
3252058
3253005
3252675
3252945
3252045
3252133
3251004
3250503
3249420
3250605
3250186
3250564
3250314
3252042
3251258
3251722
3252122
3252087
3251321
3251215
3251221
3251039
