564762
1237513
1237146
1237174
1237224
1237726
1237500
1237428
1237188
1237232
1236594
1239240
1239893
1240046
1240426
1240209
1239906
1239819
1239691
1239333
1239618
1239994
1240186
1240155
1240110
1240355
1241073
1240466
1240479
1240363
1240139
1240318
1240404
1240001
1240327
1240419
1240683
1240469
1240659
1240292
1240252
1240354
1240053
1240531
1240845
1240467
1240224
1240276
1240265
1240229
1240014
1240843
1240524
1240104
1239728
1240083
1240768
1240503
1241101
1240706
1240559
1240094
1240181
1240155
1240493
1239916
1240647
1240231
1240414
1239973
1239924
1240082
1240125
1240081
1240056
1240599
1240670
1240499
1240729
1240433
1240552
1240683
1240555
1240502
1240728
1240915
1241329
1241402
1240854
1240420
1240393
1240193
1239998
1239936
1239955
1240240
1239988
1240288
1240308
1240146
