307919
3028456
3028454
3027908
3030422
3034927
3033964
3034707
3035528
3035626
3037135
3036780
3036932
3036949
3036148
3036807
3036209
3036619
3038521
3038044
3037511
3037047
3035915
3036571
3037424
3037139
3036189
3035797
3036129
3035703
3037198
3037025
3037306
3036927
3035510
3036160
3036562
3036233
3037766
3037118
3035762
3036378
3037151
3036472
3036980
3036430
3037002
3034968
3037201
3037642
3037936
3036915
3037052
3036997
3037978
3038501
3037345
3036949
3037023
3036893
3037130
3037259
3036403
3037498
3036802
3037753
3038489
3039497
3039126
3038985
3037875
3038636
3038338
3037472
3038566
3037823
3038181
3039057
3037427
3038667
3036950
3038088
3038213
3039413
3038299
3037453
3037425
3038058
3037134
3037278
3038327
3037915
3038255
3039556
3038605
3037879
3037312
3037009
3037333
3037985
