541177
2530388
2529686
2529901
2530870
2533705
2536115
2535965
2536719
2536925
2536003
2536317
2536339
2536623
2536824
2537885
2537427
2537193
2537883
2538035
2537291
2537346
2536656
2535796
2535037
2535052
2535823
2536409
2536868
2537045
2537406
2536893
2537599
2538368
2537339
2537615
2538120
2537180
2537336
2536753
2536604
2536597
2537065
2537272
2537977
2536863
2537837
2538029
2537571
2536976
2536337
2536946
2536839
2537321
2536773
2536095
2536308
2537626
2537447
2536277
2537155
2537658
2537397
2536468
2537325
2537363
2536713
2537363
2537037
2536166
2536322
2536659
2536991
2537510
2536726
2536246
2534892
2535442
2535856
2535651
2536066
2536503
2536713
2536824
2536059
2535526
2536839
2536225
2537464
2536252
2535507
2536622
2536999
2536612
2537575
2536502
2536770
2536070
2536278
2537165
