792383
2241441
2241536
2240989
2240693
2241365
2244755
2245821
2246321
2246214
2247231
2247167
2246246
2246671
2246724
2246386
2246417
2245702
2246234
2246624
2246472
2246789
2245477
2246767
2247302
2246292
2245791
2246239
2245714
2246130
2245580
2245774
2246312
2245912
2245716
2245890
2245508
2246800
2246479
2246612
2245760
2245823
2246022
2246450
2247147
2247649
2247056
2246800
2246615
2246167
2245738
2245450
2245167
2245903
2246452
2246890
2246405
2245493
2246294
2246861
2246600
2246486
2247156
2246754
2246951
2246590
2246234
2246045
2245576
2245972
2247052
2246813
2246273
2246800
2246715
2246941
2246004
2245996
2245628
2245576
2246631
2246058
2247065
2246971
2245720
2245376
2245123
2245903
2245700
2244997
2245690
2245569
2246518
2246085
2245911
2245703
2246072
2246446
2245710
2245938
