55137
55134
55134
55122
55138
21878
55142
55154
55142
55146
55158
55174
55162
55154
55146
55170
55170
55166
55158
55158
55146
55142
55146
55162
55146
55142
55126
55138
55142
55142
55146
55170
55166
55170
55178
55190
55190
55170
55178
55154
55162
55154
55138
55138
55126
55138
55134
55162
55158
55146
55138
55138
55154
55194
55166
55130
55158
55166
55170
55170
55186
55170
55162
55158
55134
55150
55154
55186
55194
55198
55178
55150
55178
55170
55174
55170
55150
55142
55150
55150
55154
55154
55146
55154
55154
55150
55178
55186
55162
55166
55170
55150
55154
55154
55150
55146
55146
55142
55134
55150
