640482
1737229
1737579
1737270
1737035
1737220
1736652
1736907
1742310
1741274
1741003
1741703
1741142
1740235
1741007
1741188
1741552
1740863
1740881
1740595
1741569
1742108
1742093
1742394
1742249
1741676
1741733
1741719
1741886
1742341
1741680
1741514
1742374
1742897
1742749
1742292
1742638
1742968
1742477
1742228
1741817
1741730
1741560
1742521
1742281
1742187
1742510
1742026
1741521
1741492
1742683
1741927
1741081
1741914
1741786
1741401
1742229
1742273
1742584
1742489
1743033
1742726
1742438
1742654
1742699
1743019
1742540
1742385
1742456
1742313
1742380
1741660
1741822
1741529
1742124
1741668
1741805
1741661
1741934
1742268
1741358
1741222
1741103
1740630
1741729
1741639
1742492
1741581
1741321
1741235
1740436
1740792
1741105
1741539
1741156
1741965
1741818
1741798
1742106
1741770
