411549
2256543
2256333
2256686
2255859
2255660
2263716
2263710
2262574
2262894
2263337
2263785
2263210
2263105
2262821
2263120
2263134
2263797
2262687
2262670
2263061
2263079
2263396
2262772
2261665
2262143
2262018
2261406
2261614
2261315
2261482
2261878
2262292
2261969
2262147
2262227
2261129
2261519
2261636
2261698
2261011
2261590
2262696
2263910
2264441
2262953
2262829
2263930
2262489
2262518
2260936
2261799
2262176
2261452
2262468
2261690
2261307
2261893
2263256
2263230
2262778
2262286
2261850
2260953
2262200
2262184
2262559
2262637
2262249
2261533
2262692
2263141
2263353
2262844
2263154
2262579
2261048
2262789
2262342
2262088
2262509
2263317
2263236
2261967
2261285
2261182
2262310
2261728
2262239
2261954
2261235
2260953
2260752
2261507
2261762
2260839
2260431
2261861
2262014
2261444
