299884
515842
515634
515638
515566
515622
515734
515574
515502
515498
515750
515794
515826
515786
515582
515606
516074
515662
515802
515810
515850
515826
515906
515438
515562
515622
515806
515826
517798
516710
516582
516682
516762
516758
516622
516766
516726
516770
516778
516814
516710
516802
516806
516758
516574
516538
516710
516710
516926
516674
516538
516666
516490
516410
516498
516410
516570
516622
516646
516738
516794
516942
516850
516910
516814
516878
516702
516634
516762
516562
516662
516618
516690
516682
516710
516594
516726
516598
516810
516718
516826
516858
516938
516718
516710
516930
516818
516690
516606
516598
516602
516638
516694
516726
516886
516818
516778
516582
516706
516806
