566857
2488368
2488615
2488684
2488169
2489436
2494740
2493647
2495218
2495059
2495150
2493959
2493713
2494480
2493893
2494600
2494505
2493547
2493728
2494773
2494607
2494152
2494395
2494883
2494318
2493489
2494201
2494806
2493800
2493927
2494642
2493745
2493631
2493643
2492269
2491742
2493199
2492670
2492356
2493069
2493288
2493444
2493402
2493537
2492728
2493446
2493254
2492461
2493378
2494044
2494524
2493089
2493019
2493679
2493521
2492947
2492023
2492672
2493269
2493684
2493433
2492834
2493162
2492453
2493028
2492578
2492096
2493171
2493074
2493048
2493342
2493065
2492218
2491862
2492049
2492458
2492490
2493693
2493644
2493661
2493844
2492577
2492445
2492011
2492292
2492673
2493854
2493028
2492200
2491787
2494303
2494486
2493447
2492737
2492936
2493754
2494008
2494692
2495160
2494523
