375660
3500330
3499063
3500446
3509979
3509725
3509056
3508361
3508453
3508566
3507408
3508669
3509423
3509928
3509530
3509686
3510297
3508862
3509034
3510245
3509220
3508439
3508792
3509410
3509061
3509154
3510410
3510746
3510908
3509972
3511181
3511544
3511646
3510454
3510922
3510186
3508926
3509556
3509132
3509808
3509117
3508463
3509529
3510014
3509263
3509849
3509589
3508986
3510047
3510854
3509826
3509025
3510616
3510909
3508985
3509696
3511611
3510798
3510335
3509999
3509495
3509044
3509626
3509492
3509524
3509779
3509459
3510407
3510556
3510814
3509332
3509881
3510812
3510144
3510964
3511429
3509457
3509550
3510500
3509717
3510011
3510532
3510919
3510544
3509743
3510294
3511826
3510614
3510356
3510425
3510679
3511056
3510214
3509443
3510655
3510906
3512541
3512586
3511178
3510186
