561653
3520286
3519445
3518608
3527397
3526201
3525940
3524866
3525069
3525947
3526218
3526749
3526482
3526184
3526105
3525614
3525300
3525764
3527578
3526719
3526579
3527115
3527164
3526416
3527178
3527637
3527107
3527135
3526903
3527005
3527322
3526751
3526269
3527250
3526561
3525992
3526425
3525636
3526434
3526424
3525967
3528158
3529467
3535105
3534674
3527925
3529045
3534451
3535212
3528930
3528238
3534495
3535030
3537067
3535653
3534579
3528378
3528709
3528824
3534323
3533009
3528151
3528463
3527797
3528349
3528622
3527607
3527637
3528429
3528364
3528432
3528278
3528949
3532997
3528651
3528253
3528589
3533682
3533881
3529037
3528476
3527453
3527212
3532581
3527664
3526503
3525860
3528028
3528508
3532380
3528663
3527409
3528462
3528042
3527850
3529785
3534261
3528137
3528156
3527697
