544137
3254276
3253045
3254418
3257494
3261513
3260556
3259850
3260506
3260948
3262685
3261932
3261161
3261702
3262239
3262718
3261724
3260317
3260412
3260261
3262348
3262847
3261075
3259751
3260455
3260712
3261700
3259619
3260412
3260985
3258649
3259228
3259932
3260174
3260800
3260527
3259107
3259896
3259231
3258688
3259351
3259724
3259205
3260634
3259281
3261368
3259856
3259899
3259900
3260923
3261053
3261022
3260773
3261293
3260805
3261019
3262966
3262275
3262226
3262288
3263321
3262031
3259964
3261090
3261472
3261604
3261423
3261649
3261782
3261407
3261770
3261375
3261218
3262056
3262544
3261857
3263033
3262579
3262238
3261114
3262877
3261639
3260453
3261161
3260806
3261044
3261814
3260017
3259010
3261005
3260897
3261409
3261134
3260058
3260276
3260776
3261364
3261521
3260343
3262435
