509574
1739174
1738827
1738477
1738478
1738857
1738215
1738831
1743213
1742284
1742605
1743087
1743321
1743201
1743576
1743498
1743304
1743642
1743675
1743982
1744173
1743766
1743265
1743867
1743561
1744002
1743919
1743398
1743527
1744230
1743794
1744104
1742962
1743416
1743298
1743462
1743922
1744029
1744010
1744020
1743524
1743221
1743194
1744320
1743992
1743655
1744051
1743779
1743692
1743828
1743236
1743492
1743672
1744125
1743825
1743332
1743356
1743084
1743516
1742941
1742979
1743070
1743458
1743603
1743467
1743789
1744571
1744101
1743800
1743831
1743717
1742966
1743701
1743699
1743232
1744651
1744916
1743900
1743454
1744100
1743633
1743571
1743952
1743741
1743745
1744860
1744729
1744156
1743730
1743965
1744429
1744613
1744354
1744172
1744326
1744410
1744196
1743988
1743988
1743383
