657359
3783022
3783501
3786260
3791678
3791676
3791524
3790783
3791768
3791565
3791360
3790414
3791082
3792668
3792246
3791561
3790646
3790760
3792029
3792742
3791936
3791740
3790833
3790188
3793000
3792523
3790780
3789954
3792506
3791970
3792917
3793641
3791136
3792039
3792448
3793119
3791798
3790690
3790515
3790602
3789340
3790951
3791261
3790770
3790524
3790176
3790693
3791085
3791381
3791995
3791881
3791829
3792863
3792576
3791234
3791619
3791390
3790737
3791022
3791826
3793109
3793634
3791933
3792785
3791299
3792622
3792143
3792715
3792067
3792907
3793317
3791480
3791252
3792514
3792770
3791329
3790470
3790770
3793088
3791449
3792163
3792755
3793212
3794941
3794205
3793834
3791596
3792230
3792057
3793943
3791625
3791693
3792196
3792229
3791724
3791100
3790718
3791505
3793288
3793781
