836430
4020065
4020689
4025053
4027678
4029670
4030948
4030856
4030225
4030550
4030541
4030542
4031046
4029131
4029490
4030500
4031800
4032241
4032069
4031972
4032058
4030088
4030262
4030640
4030565
4030137
4030513
4032247
4032444
4032594
4032134
4033090
4031887
4032192
4030859
4030063
4028160
4029747
4029269
4028759
4029838
4029691
4028743
4031820
4031058
4031052
4030913
4032008
4032227
4032499
4031390
4032566
4031581
4031977
4032248
4032299
4032204
4033319
4031971
4032438
4032718
4031717
4030581
4031322
4032460
4032728
4031963
4032624
4032836
4033012
4033526
4032805
4032511
4033295
4034105
4033471
4034526
4032326
4032564
4032011
4032381
4032314
4032591
4032801
4033345
4032069
4032173
4031785
4031011
4029260
4029807
4031783
4031844
4029910
4029937
4030649
4031830
4029685
4031640
4031640
