680457
3254233
3254215
3253875
3257405
3260190
3260408
3261379
3260750
3260158
3259179
3260900
3261042
3260995
3261042
3259269
3260985
3262614
3263256
3263118
3261899
3260779
3260888
3261188
3260847
3261049
3261121
3260730
3260486
3261720
3262987
3262627
3261262
3260448
3262034
3262735
3262250
3261562
3261798
3262154
3261743
3262349
3261495
3261315
3260932
3260315
3260204
3259556
3260659
3261168
3260846
3261229
3259930
3260830
3260792
3259899
3261612
3260791
3260280
3260748
3260326
3261036
3260655
3261820
3261269
3261976
3261683
3261615
3262362
3262989
3262601
3262706
3263028
3262247
3261351
3261294
3262497
3263444
3263396
3263177
3263920
3262373
3262062
3261272
3262438
3263366
3262456
3263547
3263125
3264311
3264532
3264301
3263807
3263793
3262845
3263492
3262977
3261075
3260919
3260393
