471222
1477645
1477592
1477744
1478066
1477491
1477955
1478153
1478277
1479925
1481345
1480852
1480698
1480695
1481049
1481748
1481397
1481229
1481158
1481266
1481561
1481352
1481337
1480911
1480716
1481229
1481306
1480787
1481073
1481176
1480991
1481591
1481308
1481586
1481630
1482007
1481834
1481321
1481146
1481756
1481712
1482130
1481888
1481541
1481736
1481477
1481453
1480801
1480756
1480596
1480655
1480617
1481074
1480748
1480866
1480884
1481236
1481371
1481889
1481782
1481344
1481462
1481549
1481816
1481634
1482016
1481927
1482021
1481914
1481117
1480729
1481381
1481680
1481648
1481441
1481853
1481548
1481831
1481498
1481235
1481298
1481930
1481890
1481507
1481411
1481383
1481489
1481508
1481943
1481123
1482031
1481743
1480810
1480947
1481063
1481347
1481262
1480990
1480826
1480713
