456427
2747181
2745793
2746580
2747508
2751844
2752647
2753369
2753960
2754409
2754914
2753934
2754661
2753521
2752269
2753706
2754522
2754524
2755140
2755226
2756349
2756693
2755473
2756011
2755122
2755254
2755638
2754311
2754652
2755441
2756078
2754556
2754326
2755210
2754771
2755177
2755013
2754646
2754835
2754829
2755248
2755661
2754552
2755467
2754837
2753914
2754248
2752953
2752868
2753648
2753645
2754217
2753379
2754016
2754152
2754190
2754634
2753879
2754904
2754328
2753022
2753117
2752759
2752955
2753441
2753110
2753663
2753617
2753989
2753592
2753449
2753133
2753779
2754359
2752813
2752649
2752256
2753060
2753033
2753150
2753249
2754510
2753199
2753082
2753557
2753719
2753154
2753172
2752752
2752368
2752085
2753594
2753156
2753065
2751024
2751389
2751917
2751613
2751941
2752549
