481053
751285
751106
750874
751278
751362
751137
751401
751200
751593
751265
751472
751318
751699
751621
751682
751149
750962
751410
753100
752815
752488
752531
752887
752730
752723
752932
752858
752933
753038
753122
753170
753242
753439
753277
753229
753248
753410
753301
753249
753342
753273
753357
753504
753542
753366
753519
753422
753267
752985
753209
753165
753069
752962
753149
753289
753236
753002
753136
752913
753169
753208
753138
753169
753273
753268
753376
753193
753304
753459
753094
753394
752989
753118
753078
753040
753261
753195
752981
753157
753113
753210
753354
753334
753241
753381
753181
753132
753338
753254
753274
753351
753132
752958
753193
753098
753458
753451
753497
753509
