398097
3498259
3498623
3500814
3507502
3505835
3505973
3507595
3508187
3508123
3508369
3507821
3507994
3507599
3508024
3507692
3508705
3507988
3507702
3506722
3507206
3508138
3508482
3507930
3510210
3509776
3508514
3507453
3508478
3508995
3508065
3508134
3507815
3508317
3508398
3507927
3507549
3507366
3507966
3506624
3506995
3506159
3506737
3508852
3507128
3505546
3506312
3507539
3508212
3506704
3506923
3507208
3508719
3508131
3508712
3506954
3509392
3510131
3507176
3505662
3505909
3506631
3505956
3508234
3511119
3508541
3507795
3508372
3507486
3506259
3507445
3506805
3507650
3508122
3508075
3506091
3506683
3507669
3505169
3506949
3506819
3507411
3508375
3507547
3509160
3508052
3508163
3507847
3507827
3506745
3507278
3507073
3506243
3507000
3508486
3508448
3509365
3508305
3508160
3507420
