586079
1024161
1024224
1024735
1024524
1023954
1023855
1024083
1023922
1023917
1024102
1024223
1023963
1024162
1027670
1026794
1026427
1026397
1026894
1026698
1026482
1026222
1026589
1026660
1026623
1026608
1027001
1026913
1026651
1026556
1026488
1026795
1027087
1027065
1026939
1027005
1026861
1026521
1026654
1026750
1026746
1026498
1026608
1026751
1026575
1026958
1026673
1027050
1027270
1026987
1026626
1026661
1026418
1026562
1026690
1026174
1026241
1026776
1026840
1026818
1026621
1026774
1027205
1027246
1027156
1027454
1027573
1027073
1027092
1026570
1026693
1027151
1026993
1027101
1026937
1027074
1026905
1026825
1027137
1026846
1026714
1027070
1027318
1027161
1026894
1027435
1027249
1027217
1026890
1026538
1026518
1026643
1027185
1027419
1026875
1026981
1027081
1027122
1026611
1027017
