626109
3998830
3999925
4004977
4008838
4009429
4008745
4009018
4007315
4006345
4008535
4009030
4008850
4007710
4008414
4008106
4007919
4009445
4008320
4007969
4008552
4010450
4010429
4010478
4011486
4011100
4011093
4010972
4009300
4010394
4009169
4008442
4009597
4008756
4009401
4009602
4009776
4009559
4008207
4009110
4007679
4009475
4009766
4008639
4007346
4006194
4007475
4007791
4008391
4006929
4008071
4008361
4009151
4008328
4009557
4009003
4009564
4009913
4010054
4010371
4010178
4009712
4009533
4010618
4010580
4012311
4009856
4010982
4011247
4010142
4010868
4010655
4012236
4009357
4009242
4009824
4010633
4008205
4010332
4010360
4010547
4009781
4008553
4009021
4008749
4009832
4009548
4009666
4009699
4010997
4010430
4011090
4010782
4010132
4010902
4010157
4010660
4010949
4009910
4010378
