128255
4007664
4008125
4013965
4019347
4019392
4019534
4019495
4017939
4017420
4017091
4018663
4017744
4018288
4018752
4020029
4019683
4019423
4020406
4020222
4019274
4020321
4020236
4020170
4019928
4019782
4019427
4019481
4019459
4020198
4018550
4018155
4018539
4019022
4018923
4017820
4017417
4017879
4018980
4019553
4020223
4020165
4021783
4024021
4020878
4021316
4020636
4020757
4021366
4021652
4021615
4020744
4021594
4023294
4024295
4023738
4024488
4021816
4021292
4021624
4021940
4020089
4020905
4021782
4022302
4022281
4020207
4021309
4022469
4021539
4022641
4020959
4022145
4023143
4022933
4023719
4022348
4021872
4023180
4021906
4023658
4024167
4025389
4023448
4022379
4022537
4023882
4022992
4022793
4022482
4022749
4023137
4023091
4021459
4021870
4022826
4023982
4024676
4023230
4023918
