502541
1788809
1789172
1789887
1789142
1788776
1788765
1790470
1794026
1793834
1793089
1793880
1794396
1793835
1794173
1793827
1793380
1793212
1793484
1793229
1793560
1793916
1793464
1793379
1793588
1793809
1793939
1794422
1794197
1793429
1793980
1794156
1794408
1794369
1794558
1794352
1793903
1793612
1794309
1793170
1793221
1793196
1793067
1792915
1793037
1793401
1794290
1793692
1793334
1793378
1793634
1793180
1793003
1793164
1792716
1792972
1793049
1793437
1793963
1793363
1794196
1793473
1793509
1793018
1793111
1793253
1794148
1792838
1793471
1793454
1793390
1793066
1793301
1793374
1793615
1794049
1794632
1794443
1794205
1794285
1793580
1792921
1792858
1793736
1793854
1793744
1793506
1793657
1794100
1794120
1793802
1794012
1793887
1793726
1792963
1793595
1793287
1793417
1793175
1793128
