704356
752086
751954
751897
752146
752198
752120
752235
752270
752046
752043
751993
752109
751946
751809
752188
751947
751954
752260
754054
754069
753796
753705
753942
754038
753848
753753
753799
753890
753846
753766
753780
753946
753611
753490
753690
753984
754020
753764
754098
753862
753678
753690
753678
753970
754090
753803
753779
753781
753856
753992
754133
754146
754185
754004
754339
754358
754169
754260
754245
754113
754321
754480
754488
753906
754174
754173
754038
753741
753600
753859
753677
753885
753997
754115
754154
754061
754258
754013
754187
754097
754222
754289
754307
754555
754360
754611
754786
754554
754670
754651
754658
754334
754490
754345
754301
754710
754482
754309
754289
