169398
1534498
1534689
1534693
1534980
1534772
1534498
1534850
1536562
1538927
1538326
1538213
1537852
1538197
1537622
1537978
1537501
1537300
1537732
1537916
1538344
1538540
1539080
1539202
1539317
1538652
1538194
1538468
1538656
1537994
1538517
1538586
1538071
1537547
1537810
1537608
1537800
1537923
1538382
1537853
1538113
1538592
1538738
1538496
1537524
1537980
1538918
1537940
1537447
1537704
1538213
1537948
1537933
1537971
1538058
1537797
1538567
1538336
1537767
1536921
1537989
1537344
1537527
1537521
1537767
1537760
1537315
1537756
1537574
1538362
1538231
1538561
1539136
1539012
1538756
1538607
1538799
1539094
1539203
1538876
1539198
1539076
1537925
1537926
1538657
1538906
1538149
1538816
1539085
1538381
1538151
1538319
1538147
1538053
1538004
1538272
1538671
1538512
1539230
1539197
