242975
226419
226459
26814
226383
226375
226407
226399
226335
226343
226399
226455
226479
226483
226495
226455
226387
226371
226327
226215
226275
226255
226263
226367
226299
226311
226339
226383
226427
226359
226375
226235
226335
226323
226423
226403
226415
226387
226403
226459
226439
226475
226407
226383
226475
226363
226383
226351
226391
226495
226451
226439
226383
226363
226375
226375
226467
226443
226435
226367
226407
226507
226455
227735
226979
226975
226887
226879
226875
226839
226855
226835
226927
226995
226955
226915
227051
227059
227015
226999
226951
227055
226951
226883
226927
227075
227011
226975
226979
226915
226935
226891
226999
226919
226955
226987
226947
226951
226847
226851
