55205
56342
53947
56314
56334
56330
56322
56322
56350
56350
56366
56366
56366
56354
56350
56346
56338
56354
56358
56334
56342
56338
56334
56338
56338
56338
56338
56338
56342
56358
56350
56370
56374
56374
56378
56354
56342
56334
56318
56322
56318
56326
56354
56350
56346
56346
56362
56342
56334
56314
56330
56342
56338
56322
56318
56294
56326
56338
56334
56330
56338
56350
56350
56378
56322
56334
56346
56334
56370
56362
56346
56330
56318
56294
56298
56286
56290
56326
56334
56326
56326
56306
56330
56322
56298
56298
56306
56298
56290
56334
56330
56326
56338
56354
56326
56338
56330
56346
56358
56342
