342483
1764730
1765044
1765132
1765438
1765118
1764996
1765330
1769724
1768955
1769143
1769223
1769124
1769002
1768808
1768650
1768589
1768161
1768513
1768873
1768650
1768671
1768466
1768237
1767577
1768064
1768754
1768738
1768742
1768793
1768938
1768977
1768725
1769112
1768711
1769045
1768658
1768823
1769162
1769051
1769562
1770288
1769676
1768691
1768749
1768562
1768635
1769535
1769130
1769394
1769706
1769629
1768723
1769461
1769247
1769309
1768873
1768917
1768124
1767864
1767483
1768368
1768942
1768018
1768629
1768812
1769760
1768766
1768984
1769266
1769166
1769086
1769327
1769619
1768980
1768343
1768540
1768217
1768481
1769958
1769775
1769530
1769255
1769566
1769407
1768880
1768734
1769346
1769757
1769675
1769955
1769804
1770054
1770426
1770072
1769945
1770229
1770380
1769950
1769839
