391672
3987949
3986620
3990851
3997248
3996693
3996901
3997989
3998041
3997323
3997022
3997154
3996755
3995720
3998011
3997953
3996459
3996943
3996168
3997222
3997679
3996887
3997503
3997304
3996423
3995741
3997535
3998525
3997151
3996828
3996091
3996347
3995468
3997029
3997682
3997174
3997048
3996357
3996737
3996365
3996229
3995208
3996341
3997464
3997037
3996108
3997178
3996972
3996450
3996901
3997534
3997002
3996861
3997307
3997976
3996427
3995603
3995931
3995883
3996729
3996437
3996979
3996949
3996761
3996391
3998019
3998363
3997066
3996304
3996517
3996915
3996691
3996065
3997636
3995165
3997708
3998219
3998209
3996053
3996478
3997871
3998846
3998459
3997757
3996662
3997576
3997253
3996021
3996003
3996898
3995402
3995672
3996350
3996840
3997231
3998465
3999186
3999157
3997122
3998022
