643194
1733638
1734595
1734641
1734791
1734972
1733685
1737068
1737953
1738031
1737814
1737583
1738599
1738915
1739291
1738788
1738871
1737936
1738625
1738151
1737585
1737525
1737349
1737248
1737380
1737873
1738177
1738147
1737764
1738052
1738179
1737995
1737429
1738118
1738427
1737947
1737294
1737095
1736994
1737786
1737626
1737774
1737738
1737525
1737050
1737614
1738365
1737987
1737922
1738187
1737186
1737735
1737615
1737317
1738042
1738120
1738516
1738475
1738038
1738069
1738257
1738274
1738390
1738686
1739047
1738308
1737938
1738213
1739024
1738696
1738720
1738272
1738270
1738133
1737860
1738452
1738231
1739580
1738759
1738543
1738736
1738294
1738759
1738912
1738525
1739405
1739533
1738747
1739702
1739868
1740126
1739570
1738745
1739086
1738868
1739152
1739612
1738975
1739090
1738757
