523847
2238659
2238786
2238723
2238971
2238655
2241898
2243743
2243886
2243975
2243624
2243955
2244043
2244339
2244505
2244104
2245044
2246512
2245296
2245297
2245635
2245049
2244851
2244787
2245505
2245206
2244479
2243099
2243570
2243754
2244825
2244975
2245665
2243439
2244012
2243506
2244310
2244756
2244473
2243936
2244482
2244603
2245465
2245287
2245284
2244576
2244316
2243932
2243737
2244126
2244660
2244445
2244435
2244803
2244699
2245150
2245220
2244767
2244026
2243909
2244706
2245635
2245103
2244416
2244298
2244206
2244820
2245930
2245634
2246258
2245805
2245783
2244801
2244601
2244856
2244237
2243609
2244413
2243384
2243106
2243193
2243610
2243053
2243066
2243993
2243798
2244557
2244995
2245045
2245058
2245371
2245054
2244706
2244765
2243925
2244296
2244201
2243557
2243494
2243820
