456642
738685
738858
738828
738831
738881
738791
738912
739147
739002
738736
738497
738382
738512
738679
738525
738971
738814
741366
740754
740969
740902
740844
740782
740810
741012
740812
740739
740689
740834
740727
740801
740652
740810
740955
740797
741222
741084
740860
740570
740499
740670
740784
740749
740729
740825
741071
741255
740901
740696
740545
740626
740651
740340
740418
740770
740748
741006
741076
741016
740781
741032
741175
741168
741233
740967
740700
740850
740951
740352
740541
740736
740579
740431
740500
740529
740792
740508
740679
741010
740762
741120
740986
740691
740767
741091
740860
740828
740851
740683
740938
740853
740973
740783
740805
740645
740851
740902
741070
741015
