677198
1496994
1497135
1497213
1497840
1497011
1497363
1498242
1497694
1499426
1500181
1501389
1500774
1500868
1500759
1501099
1500964
1501217
1500954
1501787
1501908
1501262
1501458
1500994
1500611
1500951
1500523
1500526
1500758
1501732
1501192
1500795
1500586
1500470
1500648
1500431
1500215
1500290
1500690
1500585
1500387
1500530
1501034
1500871
1500664
1501019
1500990
1501432
1501385
1501012
1501118
1500906
1501004
1500869
1500598
1499943
1500052
1500382
1500416
1501027
1501016
1500820
1500303
1500310
1500647
1500874
1500930
1500695
1500865
1500909
1500021
1500372
1500738
1500672
1501373
1500709
1500591
1500544
1500557
1500653
1500724
1500865
1500590
1499641
1500506
1500464
1500349
1500459
1500365
1500326
1500690
1500537
1501246
1501479
1501854
1501385
1501397
1502382
1501578
1501667
