952885
986986
986895
987405
987314
987495
987429
986982
986840
986863
986879
986796
987132
987586
987310
990419
989064
988922
988938
989289
989438
989413
989658
989746
989747
989687
989674
989435
989707
989924
989783
989737
989457
990103
989622
989922
989860
989938
990016
989534
989538
989481
989729
989140
989276
989809
989408
989395
989411
989706
989882
990139
989617
989525
989834
989264
989506
989473
989521
989376
989403
989036
989728
989630
989621
989941
989998
989250
989440
989575
989274
988994
989346
989051
989497
989769
989525
989113
989344
989598
989704
989610
989832
989815
989570
989345
989233
989277
989452
989619
989342
989278
989631
989894
989678
990078
989487
989158
989250
989428
