396503
1996603
1995471
1995998
1995550
1996042
1999214
2001802
2001553
2001908
2001703
2001387
2001418
2001717
2001948
2001720
2001865
2000850
2001298
2001203
2001438
2001949
2002264
2002304
2001727
2001543
2001427
2001177
2001517
2001792
2001374
2001174
2001606
2000962
2001308
2001474
2001657
2002766
2002738
2003257
2003060
2002870
2002482
2002342
2002400
2003374
2001863
2001614
2001883
2001511
2001466
2002522
2003129
2003122
2001961
2002684
2002860
2003200
2002293
2000851
2001239
2001970
2002101
2001817
2002642
2002767
2001812
2002392
2001245
2001275
2001970
2001165
2001840
2000976
2001001
2001765
2000531
2000695
2001949
2001347
2001707
2001322
2000975
2001155
2001735
2002340
2002593
2002596
2002179
2002539
2000987
2001141
2000658
2000648
2001578
2001367
2002460
2002584
2001603
2000618
