641217
2977356
2977371
2977971
2980505
2984848
2985057
2985589
2986038
2985091
2984996
2984607
2985228
2983546
2983059
2984660
2983730
2984948
2986158
2985731
2985570
2985564
2984961
2984998
2985020
2984676
2984091
2983621
2983146
2983213
2983814
2984606
2983835
2983489
2983446
2983755
2983349
2983171
2982913
2982884
2983130
2983886
2983230
2983893
2982237
2982045
2982574
2983122
2984703
2984202
2984047
2985026
2984127
2983912
2984775
2984843
2985084
2984096
2984244
2984235
2983538
2982984
2983653
2983705
2984276
2984233
2983711
2983736
2984662
2982995
2984022
2984270
2984300
2984788
2983966
2983801
2984957
2985242
2984568
2983930
2982749
2982584
2983220
2984416
2983744
2983680
2983752
2983405
2983673
2983403
2983395
2984511
2983850
2983289
2983845
2984897
2983472
2984900
2984889
2984291
