244289
231782
103013
231806
231766
231690
231786
231742
231806
231758
231710
231678
231746
231694
231726
231714
231770
231786
231782
231786
231890
231866
231874
231822
231890
231890
231898
231894
231858
231746
231734
231778
231874
231866
231734
231822
231846
231838
231874
231882
231822
231810
231786
231850
231770
231762
231690
231726
231734
231690
231666
231650
231706
231650
231630
231638
231722
231710
231694
231690
231718
231798
231750
233806
232230
232250
232238
232250
232218
232286
232294
232250
232254
232218
232206
232238
232222
232258
232362
232286
232166
232310
232346
232306
232230
232214
232162
232218
232210
232206
232198
232322
232294
232314
232362
232358
232398
232334
232358
232390
