771799
1975375
1975983
1975486
1974768
1974631
1974699
1979740
1979230
1978468
1979752
1979405
1980081
1979481
1979129
1979324
1979337
1979198
1978770
1979271
1978488
1979433
1979577
1979292
1979631
1979775
1979136
1979390
1979196
1979372
1979662
1979143
1979518
1980238
1980318
1980759
1980025
1979909
1979762
1980120
1980020
1979744
1979445
1979522
1979738
1979460
1980089
1980084
1979034
1979994
1980766
1979623
1980546
1981503
1981893
1981882
1981682
1980765
1980753
1980546
1981490
1981468
1981713
1981490
1981310
1981063
1982107
1981549
1981265
1981381
1981137
1980555
1979938
1981024
1980239
1980613
1980872
1981214
1981232
1982113
1981049
1980660
1980475
1981140
1980218
1980971
1981848
1981031
1981277
1981330
1981523
1980734
1980816
1980984
1981500
1981439
1980883
1981334
1981823
1981188
