733671
1017564
1017484
1018295
1018045
1018031
1018238
1018427
1018485
1018307
1018237
1018295
1018081
1017928
1021803
1020704
1020457
1020315
1020659
1020705
1020857
1020816
1020689
1020771
1020624
1020714
1020480
1020254
1020714
1020721
1020786
1020849
1020537
1020757
1021035
1020744
1020188
1020267
1020142
1020180
1020379
1020067
1020019
1020393
1020520
1020864
1020831
1020580
1020188
1020503
1020757
1020573
1020501
1020570
1020540
1020683
1019959
1020191
1020069
1020224
1020559
1020701
1020497
1020621
1020548
1019985
1020200
1020141
1020492
1020485
1021040
1020780
1020585
1020956
1020759
1020833
1020925
1020820
1020625
1020573
1020163
1020105
1020700
1020952
1020751
1020809
1020823
1021049
1020729
1020322
1020213
1020573
1020647
1020751
1020583
1020445
1020793
1020779
1020605
1020850
