243391
225171
3333
225175
225183
225167
225111
225039
224951
225011
224987
225043
225051
225067
225067
225055
225115
225139
225155
225163
225235
225267
225235
225259
225271
225259
225191
225171
225211
225191
225163
225203
225175
225135
225139
225139
225175
225183
225159
225219
225115
225107
225075
225051
225031
225095
225135
225179
225151
225191
225127
225111
225111
225079
225163
225211
225207
225215
225195
225167
225271
225131
225267
226711
225763
225747
225743
225767
225767
225839
225843
225859
225803
225823
225851
225795
225723
225687
225639
225643
225703
225679
225719
225667
225611
225675
225691
225731
225731
225751
225827
225827
225775
225799
225755
225743
225635
225555
225615
225739
