302115
3232820
3232062
3232300
3237749
3241660
3241589
3241573
3241829
3240997
3242522
3241943
3241529
3240901
3241119
3242532
3242084
3241402
3240561
3239916
3238701
3240490
3240960
3239776
3240301
3240514
3240155
3238486
3238143
3236910
3237709
3239284
3237706
3238236
3239176
3238769
3239474
3239152
3237690
3238822
3240226
3239378
3239213
3239507
3238946
3239329
3239950
3241843
3241645
3242254
3242106
3240307
3240950
3241057
3240917
3241253
3241326
3241393
3240345
3239648
3240765
3241340
3241641
3240643
3241749
3240405
3241518
3242100
3242293
3240550
3240945
3240261
3240473
3240493
3241763
3240680
3240853
3240560
3241424
3241105
3240657
3241266
3240611
3241993
3240538
3240092
3240340
3241223
3241349
3241863
3242055
3241132
3241621
3241226
3241779
3241271
3240264
3239282
3240022
3239888
