394276
2477203
2476616
2477328
2477144
2479952
2483087
2483201
2483851
2485103
2484171
2484461
2483699
2483814
2483232
2484129
2484143
2484119
2484868
2485059
2484651
2484598
2483838
2482819
2484402
2484444
2483619
2482684
2483461
2483181
2484216
2483080
2483516
2483103
2482400
2482888
2483253
2482129
2481957
2482442
2481481
2482790
2482942
2483200
2482871
2482519
2482662
2482969
2482240
2481108
2482196
2483223
2483287
2483554
2482731
2483113
2483709
2483762
2483350
2483869
2483028
2482836
2482471
2483588
2483688
2483664
2483179
2482645
2482455
2482495
2483088
2483503
2483919
2481976
2482357
2482496
2483164
2484048
2483652
2483459
2482999
2482029
2483006
2483073
2482963
2482286
2483097
2483093
2483358
2482840
2482648
2482841
2482273
2482157
2483219
2482285
2482597
2482514
2481620
2482526
