746872
735178
734984
734976
735102
734639
735125
735124
735172
735061
735269
735218
735169
735089
735302
735344
735013
735229
735249
737396
737309
737290
737285
737332
737235
737280
737412
737090
737135
737392
737158
737376
737311
737326
737295
737061
736749
737176
737297
737193
737016
737169
737138
737064
737217
737069
736953
737085
737147
737043
736928
736871
737097
736605
736897
736849
737173
737072
736907
737109
737003
736740
736809
736850
736837
736991
736864
736946
737108
736789
737033
736605
736512
736685
736897
736925
736860
736821
736919
736957
737019
736981
737018
736807
736936
736954
737125
737009
737078
737033
736721
737005
737041
736914
736837
736913
737057
737192
737024
736774
