637459
3764984
3764382
3767116
3776007
3775676
3773973
3774768
3774779
3774989
3773411
3773377
3775604
3775144
3774401
3775519
3775319
3775695
3776363
3773811
3773676
3774727
3773155
3773133
3775382
3773375
3774919
3774394
3773485
3773818
3774397
3773951
3773108
3773570
3773278
3772922
3772099
3774133
3773484
3774288
3773901
3775185
3773312
3774039
3773726
3773122
3773847
3773750
3773423
3774443
3775413
3773475
3773972
3773420
3773626
3773538
3773581
3775126
3774343
3775128
3774235
3773712
3774654
3773099
3775409
3775147
3775407
3775223
3775474
3774941
3774303
3774224
3772515
3773877
3775859
3774353
3775235
3773763
3774844
3774526
3774505
3775280
3775656
3775073
3773314
3775318
3772579
3772395
3773258
3775094
3774398
3773728
3775111
3774451
3774753
3775552
3776140
3774786
3774196
3774709
