952744
968230
967734
968084
967622
967685
967929
968073
968031
967956
967970
968070
967951
967919
967682
971445
970330
970500
970608
970237
970378
969993
970195
970058
970118
970031
970351
970083
970446
970729
970672
970251
970498
970575
970687
970491
970684
970401
970438
970649
970449
971035
970556
970345
970604
970418
970907
970575
970504
970547
970600
971128
970660
970651
970475
970797
970772
970897
971049
971120
971024
970892
970863
971068
971154
971004
970860
970980
970920
970698
970539
970666
970693
970695
970929
970688
970820
970908
970912
970672
970964
971009
970744
970490
970651
970605
970795
970391
970496
970970
970818
970873
970969
971076
970792
970935
970333
969894
970606
970647
