790351
3258914
3259034
3258756
3264689
3267052
3268172
3267236
3267763
3267911
3268271
3267781
3266691
3268183
3267399
3267699
3267150
3266482
3266986
3267017
3267572
3267602
3266999
3266042
3268046
3266926
3266124
3265675
3265955
3265550
3266357
3265380
3265262
3265521
3266216
3266512
3266758
3265623
3265499
3266030
3265753
3266361
3266486
3266478
3266458
3267357
3267720
3267199
3266588
3267207
3266354
3266460
3267148
3266770
3265119
3267245
3267939
3268312
3266951
3267436
3267899
3267095
3268487
3269412
3267743
3267998
3267724
3266701
3267094
3266786
3266354
3267754
3267203
3266489
3266876
3268035
3266699
3267706
3267736
3267322
3267154
3266513
3266577
3267027
3266863
3267064
3265780
3266502
3266157
3267659
3267416
3268354
3268923
3266611
3265643
3265056
3265818
3266870
3266224
3267054
