375739
3980672
3981731
3983914
3990287
3989884
3990023
3990606
3990310
3991635
3990797
3991671
3991040
3990250
3991476
3991175
3990988
3990922
3989494
3990455
3990723
3990975
3990548
3990104
3990729
3989528
3990477
3988951
3989827
3990797
3990326
3989720
3990441
3990699
3989945
3989839
3989399
3991109
3991216
3989432
3991210
3990663
3991734
3989676
3989572
3988946
3989173
3989536
3989391
3988359
3988369
3989754
3990449
3990245
3988597
3988890
3989084
3988571
3988155
3989151
3990995
3990276
3988790
3990162
3988499
3987952
3989538
3990325
3989749
3990487
3990256
3991862
3990164
3990467
3990639
3989898
3991046
3991779
3992721
3993183
3992794
3992625
3990966
3989885
3988532
3990222
3989441
3989716
3989967
3989047
3989329
3989086
3987330
3987533
3989504
3990561
3989385
3989541
3989446
3989085
