495772
205898
513326
513310
513286
513438
513470
513322
513286
513402
513434
513458
513394
513474
513354
513194
513326
513454
513762
513858
513630
513754
513438
513206
513302
513466
513634
513414
516074
514682
514638
514430
514638
514618
514510
514570
514758
514570
514722
514770
514802
514794
514814
514638
514634
514478
514762
514662
514498
514498
514550
514654
514814
514674
514758
514682
514634
514634
514682
514994
514966
514946
514626
514686
514758
514590
514502
514610
514462
514610
514594
514514
514650
514782
514882
514998
514902
514746
514702
514818
514910
514866
514754
514758
514706
514506
514570
514598
514574
514702
514650
514746
514670
514726
514702
514982
514762
514586
514562
514614
