346321
3993365
3995534
4000296
4005697
4004955
4004319
4004475
4004601
4004659
4004246
4005240
4006209
4004936
4003951
4005135
4003445
4005256
4005442
4004932
4003477
4003941
4003547
4004801
4004817
4004594
4005066
4003950
4003765
4003660
4002763
4003376
4003216
4003379
4004613
4003329
4003051
4007189
4006762
4006430
4006319
4005833
4005242
4005398
4004346
4005110
4004932
4003441
4001530
4003244
4003512
4003084
4003029
4003315
4004414
4003750
4003742
4006418
4006925
4007858
4005100
4004650
4005190
4004774
4005264
4004327
4004530
4006414
4005600
4003725
4003966
4005261
4003305
4005565
4007506
4007489
4006911
4007423
4006802
4007830
4007170
4006791
4007329
4006660
4006438
4006244
4006953
4004980
4005724
4005716
4003901
4004500
4004889
4004721
4005064
4004885
4004752
4005542
4004812
4007246
