578985
738270
738583
738673
738532
738410
738418
738363
738373
738217
738248
738305
738290
738272
738000
738126
738263
737972
737926
739992
739936
740033
740002
739939
739882
740085
739954
739928
740087
740096
740118
739944
740005
740089
739970
740048
740349
740272
739988
739919
739716
739544
739877
740103
740097
739956
739773
739888
739971
740093
739913
740113
739790
739946
740005
739933
740162
739920
739900
739913
740000
740277
740182
739869
739935
740392
740028
740064
739966
740033
740049
740314
740294
740330
740313
740136
740157
740082
739860
739698
740068
740208
739509
739577
739855
739898
739953
739917
740139
740301
740112
740365
740267
740113
740159
740370
740351
740289
739897
739863
