56392
52059
52039
52047
52043
52031
52019
52019
52027
52055
52063
52019
52027
52047
52027
51999
52027
52035
52027
52019
52031
52031
52019
52019
52019
52035
52019
52007
51991
51987
52015
52023
52027
52039
52031
52047
52051
52023
52019
52039
52051
52039
52047
52035
52027
52035
52047
52027
52035
52035
52051
52063
52043
52051
52051
52067
52035
52059
52063
52031
52047
52047
52047
52019
52023
52015
52015
52027
52047
52039
52031
52019
52019
52035
52031
52023
52027
52035
52043
52027
52027
52027
52039
52035
52027
52011
52011
52015
52015
52007
52019
52047
52055
52055
52055
52067
52039
52043
52035
52055
