321798
1236466
1236330
1236136
1236562
1236018
1236243
1236352
1235859
1236186
1236803
1239448
1239439
1238930
1239891
1239635
1239134
1239090
1239111
1239629
1239735
1239975
1239919
1239975
1240095
1240075
1240106
1239563
1239418
1239239
1239421
1239419
1239374
1238889
1239228
1239461
1239354
1239267
1239398
1239663
1240047
1240044
1239823
1239493
1239835
1239747
1239162
1239695
1240139
1239800
1239543
1239244
1239685
1239588
1239450
1239521
1239434
1239460
1239701
1239178
1239564
1239770
1239862
1240014
1239763
1239851
1239810
1239728
1239211
1239485
1239064
1238571
1238818
1238819
1238824
1238785
1238656
1239246
1238938
1239338
1239348
1239578
1238971
1239575
1239896
1239315
1239306
1239064
1239034
1239288
1239105
1239525
1239276
1239913
1239518
1239201
1239386
1240173
1240154
1239741
