693289
3785082
3784639
3787173
3794752
3796798
3796578
3797064
3795696
3794161
3795293
3795681
3796157
3797251
3796939
3795768
3796395
3796874
3796327
3795534
3794236
3793935
3795204
3796015
3797179
3797329
3796149
3796246
3797273
3798313
3798119
3798754
3797749
3797807
3797015
3797480
3797445
3796987
3796359
3797038
3795448
3795908
3796530
3797387
3796288
3795917
3795922
3795867
3797436
3797023
3797268
3796957
3797319
3796467
3797010
3797551
3796664
3796723
3797242
3794834
3797327
3798455
3798083
3797856
3798720
3798140
3798275
3798758
3798003
3797823
3798895
3798630
3800445
3800286
3799967
3799638
3799365
3798774
3798073
3798732
3799397
3799993
3799872
3798820
3798448
3800274
3801018
3799837
3798392
3798659
3796708
3798134
3799736
3798054
3799017
3799394
3799893
3799521
3797720
3797829
