34271
54574
54574
54578
54574
54590
54598
54590
54602
54598
54562
54570
54590
54590
54578
54586
54590
54578
54582
54570
54586
54598
54594
54606
54602
54602
54582
54594
54598
54566
54570
54554
54582
54594
54578
54582
54566
54550
54562
54574
54562
54558
54562
54558
54546
54562
54574
54590
54582
54586
54594
54590
54574
54570
54590
54590
54574
54578
54590
54574
54594
54614
54606
54622
54618
54630
54610
54610
54550
54554
54582
54574
54562
54550
54566
54570
54598
54590
54586
54582
54566
54558
54562
54578
54566
54578
54574
54554
54566
54562
54566
54574
54570
54566
54554
54562
54598
54582
54562
54570
