546528
3746558
3746535
3752973
3758196
3758141
3757753
3756723
3756380
3756411
3755547
3755676
3754933
3756618
3756958
3758007
3756809
3757285
3758308
3758082
3757345
3757120
3757525
3756654
3757565
3759793
3758679
3758922
3757138
3758568
3757992
3758996
3759661
3759543
3758580
3759159
3758894
3759214
3759335
3758391
3761037
3758701
3757919
3757332
3755194
3755864
3757758
3757149
3756308
3757135
3757526
3757724
3756450
3758512
3757159
3756459
3755343
3754965
3754451
3756495
3755512
3755880
3755668
3755705
3755462
3755041
3756608
3755229
3755156
3756479
3755628
3755223
3756373
3755103
3755939
3755755
3754149
3754578
3756352
3756462
3755705
3755913
3755645
3754529
3755484
3755373
3754854
3755353
3756363
3755880
3755991
3755827
3757019
3755977
3756873
3755663
3755719
3755900
3755620
3757553
