916070
2249273
2249975
2249498
2249837
2249262
2253813
2254565
2253342
2254566
2255082
2254618
2254291
2254314
2254872
2255116
2255141
2254701
2254190
2254007
2255317
2256182
2255794
2254864
2255819
2255286
2255561
2256336
2255956
2255673
2256217
2255809
2256207
2255761
2255894
2254995
2254415
2254783
2255435
2255639
2255360
2255343
2256237
2255747
2255966
2255952
2255083
2255492
2255423
2255830
2255937
2255628
2256307
2255803
2255799
2254761
2254069
2254131
2253727
2254231
2254063
2253478
2253174
2253532
2254265
2253847
2253405
2253954
2254485
2254832
2253996
2254549
2254530
2254435
2254421
2255087
2254976
2254453
2255045
2255042
2254505
2254178
2253736
2254355
2254134
2253755
2253896
2254110
2254150
2253318
2253908
2253893
2253532
2253916
2254024
2253594
2252872
2253523
2253082
2253715
