223349
2251917
2251878
2251921
2252091
2252049
2256162
2257245
2257574
2258328
2258104
2257849
2257976
2257974
2257435
2256668
2256982
2258142
2257561
2256501
2256891
2256557
2257334
2256899
2256400
2256952
2256358
2256619
2258101
2258692
2258823
2257767
2258237
2258607
2258823
2258119
2257454
2257182
2256895
2257529
2256485
2256766
2257024
2257039
2257912
2258791
2256970
2258112
2258075
2256700
2257439
2257236
2256934
2257254
2256372
2257381
2256677
2257292
2257373
2257625
2258040
2258256
2258280
2257753
2257774
2258446
2258954
2259058
2259090
2258140
2258307
2257772
2258207
2258180
2258551
2258547
2258232
2258095
2257449
2257209
2257682
2257062
2257513
2257310
2258218
2258470
2258693
2259838
2259029
2259812
2259212
2258038
2258250
2259155
2258487
2258776
2258915
2259223
2258823
2258715
