585562
1994690
1994811
1994649
1993199
1995124
1995513
2001159
2000714
2000421
1999828
2000535
2001767
2001053
2001072
2001668
2001397
2000786
2000561
2000133
2000135
2000304
2000295
2000260
2000620
2000385
1999837
2000044
2000196
2000478
2000873
2000532
2001160
2000673
2001316
2000892
2001434
2002239
2001709
2001515
2000827
2001200
2001102
2000407
2000411
1999424
2000935
2000829
2001402
2000809
2001234
2001323
2000993
2000143
2000754
2000156
1999795
2001092
2001915
2001229
2000578
2001158
2001923
2001754
2000943
2002177
2001670
2001342
2000633
2000738
2000904
2001119
2000667
2000966
2001017
2000351
2000625
2000689
1999740
2000358
2001309
2002085
2001094
2000437
2001344
2001470
2000899
2001464
2000993
2001240
2001021
2001089
2001304
2001678
2001477
2001299
2001698
2002069
2001323
2000606
