576746
1036583
1036576
1036570
1036675
1037046
1036520
1036533
1036594
1036438
1036160
1036325
1037004
1039302
976154
1039084
976717
976606
976805
976619
976666
976948
976930
977016
975906
1038479
1038604
1038611
1038771
1039192
1039248
1039500
976728
976574
976423
976229
1038747
1038662
1038979
976353
975825
1038721
1038685
1038560
1038538
1038367
1038817
1038737
1038855
1038595
1038618
1039119
1038342
1038378
1038718
1038749
1038557
1038523
1039030
1038678
1038415
1038150
1038504
1038439
1038564
1038417
1038639
1038435
1038591
1038687
1038693
1038550
1039044
1038869
1039181
1038829
1038736
1038839
1038656
975998
1038860
1038826
976399
1038603
1038698
1038928
1039024
1039077
1038956
1039078
1039567
976552
976519
976777
976399
976665
976983
976544
1039670
976693
