570324
3035507
3036313
3036987
3038932
3042203
3042966
3042078
3042754
3042972
3041180
3040306
3041009
3041576
3041424
3040341
3040046
3040265
3041755
3041382
3042809
3042634
3043234
3042818
3043200
3041393
3042009
3043138
3042581
3043348
3042325
3041926
3043726
3043652
3043581
3043776
3043084
3043324
3043772
3042681
3042930
3042135
3042507
3041674
3042403
3040552
3041896
3042945
3042285
3041501
3043549
3043212
3042794
3043032
3043685
3043367
3042085
3043062
3042437
3041745
3041668
3042299
3042066
3042028
3042102
3041740
3041648
3040385
3040222
3040983
3042011
3042698
3043434
3043313
3043554
3043812
3043538
3043694
3042689
3043487
3042854
3042705
3042438
3043056
3043298
3041826
3041686
3042430
3043524
3042818
3044087
3042356
3043187
3042582
3042590
3042501
3042033
3042248
3042325
3042048
