421608
981122
981166
981101
980983
981260
980906
981257
980893
980977
981053
981160
981258
981274
980830
984640
983492
983671
983631
983604
983344
983193
983386
983518
983523
983666
983737
983537
983756
984043
983658
983674
983650
983971
984009
984307
983933
984185
983995
984040
983880
983726
983556
983722
983878
983878
983964
983802
983690
983498
983502
983686
983723
983653
983887
983975
983936
983479
983669
983774
983958
983854
983713
983195
983445
983483
983601
983974
983530
983564
984023
983932
983769
983846
983273
983606
983015
983480
983575
983328
983794
983237
983521
983465
983730
983610
983875
983446
983545
983524
983118
982928
983537
983518
983437
983128
983727
983302
983214
983351
