347882
488274
488188
488402
488334
488444
488210
488264
488221
488074
488226
488413
488350
488124
488125
488238
488282
488209
488041
488100
488175
488218
488232
488178
488201
488375
488282
488304
490020
489471
489458
489429
489614
489698
489673
489394
489445
489337
489376
489265
489467
489462
489501
489450
489570
489585
489694
489733
489724
489534
489682
489600
489659
489499
489451
489528
489530
489506
489701
489620
489445
489741
489661
489776
489750
489884
489800
489764
489680
489511
489493
489501
489746
489891
489812
489657
489682
489785
489801
489866
489657
489785
489677
489709
489661
489658
489521
489554
489524
489602
489546
489529
489426
489375
489589
489566
489513
489500
489437
489579
