625061
1243959
1243980
1243954
1243792
1243216
1243343
1243191
1243517
1243927
1243764
1246157
1247041
1246799
1246479
1246711
1246838
1247266
1246232
1247162
1246743
1246659
1246535
1246648
1247206
1247092
1246720
1246557
1246607
1246926
1246581
1246598
1246769
1246640
1246867
1247046
1247106
1247157
1247257
1246916
1246786
1246439
1246199
1246627
1247028
1247236
1247015
1246959
1246982
1247016
1246952
1246897
1247371
1247600
1247277
1247262
1246523
1246385
1246164
1246897
1246619
1246267
1246501
1246296
1246552
1246456
1246212
1246248
1246369
1246402
1246624
1246978
1246772
1246528
1246779
1247135
1246883
1246018
1245848
1246376
1246679
1246249
1246693
1246942
1246781
1246938
1247404
1246550
1246994
1247488
1246925
1247296
1247138
1246457
1246640
1247402
1247478
1247449
1247669
1247590
