865379
3014092
3013671
3013586
3016886
3021454
3021901
3023236
3022585
3022931
3023271
3023097
3022635
3021628
3021296
3022680
3023703
3024399
3024713
3022543
3022343
3022388
3023785
3021907
3022786
3022129
3021638
3021630
3022315
3021981
3022536
3021489
3023196
3022467
3022632
3022042
3022133
3022556
3022983
3022844
3022687
3022129
3021755
3023149
3022569
3022884
3022466
3021611
3021289
3021375
3022368
3022793
3022582
3021785
3022033
3022032
3022761
3022165
3022294
3022520
3022049
3021914
3022459
3022214
3022161
3021374
3021053
3023048
3021793
3021807
3022799
3022253
3022265
3023078
3022950
3022765
3023272
3024744
3022947
3021929
3021899
3022450
3022800
3022676
3023178
3023684
3024325
3023993
3024525
3023550
3022801
3023702
3023929
3024955
3024283
3024304
3024140
3023815
3023942
3023172
