935923
1274566
1274756
1274487
1275077
1275078
1275646
1275417
1275133
1274617
1275089
1277869
1278171
1277907
1277949
1277608
1277726
1277978
1277874
1277950
1277806
1278062
1278035
1277674
1277810
1278220
1278010
1278438
1278436
1278751
1278778
1278336
1278496
1278134
1278274
1278544
1278789
1278832
1278352
1278054
1277855
1277926
1278255
1278270
1278028
1278239
1278069
1278392
1278272
1278743
1279102
1279001
1278542
1278606
1278469
1278501
1278694
1278762
1279407
1278704
1279099
1278859
1279138
1279591
1278914
1279318
1279542
1279462
1279622
1279751
1279685
1279701
1279574
1279439
1279593
1278850
1278918
1279125
1279437
1279483
1279318
1279283
1279278
1279235
1279026
1279308
1278975
1278744
1279138
1278594
1278328
1277989
1278018
1278332
1278447
1278364
1278266
1278616
1278635
1278478
