288264
1252402
1252402
1252647
1252265
1252041
1251853
1252158
1252127
1252509
1252333
1254520
1255929
1255698
1255226
1255014
1254734
1255116
1255061
1255334
1254802
1254913
1255305
1255120
1254978
1254718
1254629
1254621
1254777
1255202
1255029
1255308
1255560
1255471
1255126
1255206
1255440
1255726
1255784
1255775
1255921
1255664
1255521
1255539
1255504
1255298
1254821
1255210
1255304
1255259
1255464
1255159
1255773
1255640
1255438
1255981
1255660
1255984
1255444
1255502
1255391
1255453
1255746
1255687
1255618
1255505
1255251
1255316
1255864
1255522
1255501
1255827
1255636
1255389
1255379
1255652
1255702
1255354
1255694
1255315
1255147
1255310
1255481
1255949
1255870
1255900
1255155
1255084
1255013
1255140
1255168
1255120
1255079
1255152
1255275
1255364
1255319
1255423
1255567
1255371
