283678
1470928
1471099
1471514
1471700
1471017
1470872
1471233
1471911
1473543
1475207
1475014
1475211
1475456
1475812
1475593
1475112
1475036
1475008
1475391
1475351
1475247
1475142
1475196
1475470
1475434
1475081
1475655
1475268
1475121
1475167
1475427
1476247
1475372
1475060
1474667
1474467
1474376
1474485
1474479
1474951
1475021
1474888
1474517
1475147
1474844
1475316
1475794
1475785
1475961
1475702
1475610
1474666
1474539
1474858
1475384
1475115
1474929
1474990
1475400
1475515
1475503
1475687
1475675
1476092
1476409
1475891
1475564
1475221
1475018
1474876
1474744
1475254
1475178
1474984
1475288
1475499
1475298
1475035
1475353
1475360
1476259
1475595
1474843
1475277
1475015
1475737
1475548
1474997
1474881
1474846
1474978
1474661
1475066
1475029
1474665
1475097
1475894
1474876
1474153
