619123
1749967
1749612
1748975
1749147
1750276
1750091
1750541
1753962
1754135
1754109
1753550
1753174
1753734
1753479
1753614
1753838
1753856
1754144
1754404
1754516
1754017
1755041
1754531
1753958
1753752
1753491
1753688
1753663
1753269
1753809
1754054
1753998
1753539
1753782
1753795
1753506
1753295
1752998
1753094
1753902
1753965
1753661
1753187
1753517
1753963
1754340
1754320
1755280
1755150
1754883
1754490
1754498
1754896
1754564
1754714
1754567
1754270
1753969
1753695
1753915
1753619
1753680
1753577
1754305
1753809
1754327
1753648
1754240
1753845
1753854
1754053
1754087
1753523
1753576
1754479
1754187
1754295
1753935
1754225
1753483
1753399
1753291
1753685
1753290
1753325
1753951
1753773
1753626
1753298
1753844
1753469
1754003
1754470
1754606
1754012
1753741
1753639
1753367
1753638
