462408
4029570
4027862
4032891
4037995
4037653
4037993
4038975
4039591
4038426
4039536
4039585
4039413
4038418
4038662
4038399
4037591
4038691
4038534
4038630
4038258
4038652
4039717
4039122
4038317
4040344
4040050
4040738
4040986
4041129
4040230
4040468
4040865
4040535
4039522
4039168
4040443
4041490
4038885
4038396
4038373
4038661
4037371
4038196
4037711
4039461
4039858
4039009
4038134
4038358
4038387
4037857
4038607
4038915
4039656
4040639
4040120
4039591
4039188
4040391
4039364
4040362
4040711
4040879
4040100
4039456
4039774
4039559
4039168
4040214
4039416
4038767
4038237
4038579
4039153
4039219
4036634
4038787
4038539
4039181
4039895
4039342
4038884
4040254
4038593
4039769
4039926
4037394
4037566
4038738
4039278
4039135
4038847
4039382
4037617
4039041
4038259
4039186
4039057
4039673
