863319
2238025
2238032
2237837
2236721
2237263
2241235
2242715
2242917
2243347
2243015
2243017
2243328
2243489
2243373
2242896
2242022
2241818
2241948
2243269
2243706
2243549
2243826
2244050
2244608
2244650
2244481
2245029
2244477
2244138
2243504
2243617
2243397
2244890
2244082
2244131
2244002
2243468
2244415
2243780
2244352
2244063
2244609
2245455
2244872
2245409
2244961
2243746
2244017
2244201
2244425
2244190
2244520
2244231
2244084
2244499
2243737
2243682
2243790
2243734
2244343
2243673
2243412
2243052
2243435
2243353
2244670
2243608
2243448
2244596
2243541
2243998
2244014
2244966
2243952
2244000
2243975
2242962
2243683
2244167
2243449
2243990
2243431
2243368
2243793
2244259
2243655
2244022
2244416
2243500
2242853
2243658
2243456
2243084
2243587
2243697
2243429
2242355
2242685
2242174
