23668
270979
271087
270939
270895
270887
270895
270935
270999
271095
271119
271039
271071
270999
270971
270959
270983
270923
270983
271027
271067
270951
270987
271027
271059
271083
271019
271147
271083
270999
271035
270967
270939
270899
270971
270983
270931
271011
270951
270775
270779
270915
271023
270847
270947
270923
270963
270895
270847
270891
270971
272451
271571
271603
271547
271475
271567
271667
271579
271631
271671
271663
271611
271475
271619
271583
271667
271655
271719
271703
271651
271663
271763
271767
271683
271679
271747
271523
271599
271663
271639
271631
271683
271619
271771
271763
271731
271787
271835
271799
271775
271795
271887
271787
271815
271831
271799
271831
271807
271731
