534865
3736376
3736727
3740436
3746248
3745995
3746463
3745623
3745961
3745572
3743637
3744657
3744974
3745509
3745062
3746609
3744712
3744906
3744890
3746539
3746444
3746713
3746252
3744776
3743546
3743357
3744319
3744998
3744974
3744971
3743432
3744868
3744988
3745132
3745171
3745770
3746007
3744630
3745432
3745050
3745600
3746316
3745316
3744516
3745220
3743520
3744413
3745744
3746925
3745546
3744358
3743599
3744083
3744416
3744635
3743976
3743998
3745498
3745785
3745443
3744483
3745825
3745133
3745883
3745454
3744763
3745775
3744784
3743786
3745266
3744477
3745103
3744134
3744883
3745660
3746178
3746226
3744923
3744505
3743984
3743860
3744715
3745884
3745457
3745716
3746031
3746056
3746406
3745172
3746225
3745420
3744635
3745592
3745245
3744771
3745506
3746452
3744563
3743968
3745232
