1017796
2476460
2476435
2476150
2475526
2477617
2481993
2481766
2482707
2483043
2482953
2481443
2482060
2481624
2482615
2482071
2480862
2482255
2482808
2482885
2482660
2482525
2482502
2483293
2483596
2483084
2483264
2483579
2482781
2482433
2483041
2482329
2482117
2483106
2484084
2481887
2481857
2481930
2481977
2484090
2482610
2482108
2482352
2481977
2481969
2481561
2482317
2482791
2483284
2482835
2483066
2482428
2482066
2482504
2482996
2481664
2482391
2482019
2482847
2482677
2481901
2482244
2481952
2482617
2482876
2483197
2482543
2483057
2483128
2483140
2483336
2483358
2483760
2482443
2483604
2483269
2483231
2483637
2484462
2482940
2482728
2482369
2482206
2483103
2483045
2483616
2484376
2482908
2483593
2483810
2484495
2484679
2482999
2482540
2483455
2482181
2484684
2484367
2483716
2483135
