56220
56199
56207
56195
56215
56223
56231
56215
56211
56203
56227
56227
56223
36641
56203
56203
56207
56199
56219
56191
56211
56223
56215
56211
56215
56223
56211
56211
56231
56227
56219
56203
56215
56235
56211
56219
56199
56211
56215
56183
56215
56227
56227
56203
56199
56199
56231
56223
56223
56219
56215
56227
56235
56239
56239
56239
56251
56211
56231
56231
56211
56199
56179
56191
56179
56175
56211
56191
56171
56175
56155
56183
56203
56195
56175
56175
56175
56171
56163
56175
56179
56159
56179
56167
56191
56199
56215
56199
56187
56191
56187
56215
56211
56195
56179
56191
56191
56199
56191
56199
