244129
232066
73407
232178
232110
232130
232114
232038
231990
232046
232138
232114
232142
232142
232130
232026
232054
232086
232114
232118
232194
232234
232226
232166
232206
232206
232082
232218
232218
232202
232186
232190
232162
232154
232262
232178
232126
232158
232186
232134
232146
232218
232158
232110
232066
232162
232122
232138
232086
232142
232054
232066
232022
232050
232058
232038
232102
232210
232174
232174
232294
232214
232242
234114
232814
232782
232762
232698
232650
232670
232682
232694
232734
232738
232690
232610
232606
232630
232638
232622
232722
232686
232678
232686
232698
232650
232614
232638
232654
232626
232646
232638
232730
232722
232686
232766
232790
232806
232794
232774
