596117
3746574
3746613
3748912
3755962
3754630
3755378
3754679
3754261
3755383
3755082
3755137
3754220
3755718
3755092
3755524
3752856
3753902
3755922
3753683
3753705
3754963
3753945
3754202
3753528
3754267
3753418
3753841
3753075
3753654
3753277
3752558
3754045
3752421
3752492
3755087
3754175
3753719
3752881
3752674
3752797
3752958
3755353
3754323
3753195
3753189
3752833
3752624
3752602
3752770
3754385
3751880
3751821
3753650
3754273
3752634
3753742
3754347
3752851
3754318
3753463
3751722
3751010
3751451
3751258
3751015
3752042
3753962
3754291
3753934
3754375
3754486
3754597
3754099
3754752
3755559
3754080
3754014
3753497
3752619
3752847
3752203
3751868
3753569
3752645
3752529
3753043
3752686
3751208
3753222
3753137
3751512
3752428
3753269
3753445
3752395
3752970
3753665
3752643
3753834
