475512
1505336
1505702
1505674
1505501
1505599
1505868
1505856
1505379
1505956
1508145
1508447
1507914
1508647
1509386
1509592
1509111
1508348
1508716
1508281
1508837
1508934
1509172
1509205
1508864
1509033
1509021
1508757
1508812
1509393
1509527
1509770
1509381
1509013
1509618
1510011
1509872
1509062
1509353
1509496
1509150
1510122
1510173
1509300
1509952
1510116
1510161
1509659
1509253
1509202
1509030
1509341
1509151
1509815
1509788
1509140
1509564
1509203
1508798
1509062
1509053
1509123
1509586
1509368
1508842
1509251
1509594
1509315
1509906
1509619
1509883
1509639
1509741
1509102
1509536
1508628
1508809
1508401
1507801
1508088
1508563
1508703
1508307
1508857
1508601
1508878
1508771
1508935
1509334
1509268
1509240
1509566
1508785
1508613
1509776
1509336
1509389
1508984
1508989
1508873
