495714
11854
517055
517027
517023
517079
516899
517063
517171
517107
517243
517151
517047
516735
516983
517163
517223
517055
516959
517071
517099
516783
516871
516967
517123
517151
517075
517079
519691
518023
518147
518035
518175
518051
518067
518191
518095
518095
518003
518143
518187
518127
518323
518163
518267
518231
518251
518239
518247
518375
518319
518231
518275
518375
518307
518327
518363
518343
518415
518327
518359
518519
518355
518423
518239
518279
518271
518327
518375
518307
518415
518375
518311
518159
518335
518327
518291
518387
518387
518407
518387
518371
518419
518359
518391
518279
518279
518267
518323
518347
518311
518339
518255
518355
518275
518219
518175
518139
518199
518307
