643262
3482451
3483101
3481621
3490881
3491711
3492156
3491872
3491996
3490921
3489260
3490524
3490889
3491037
3490585
3491643
3491638
3489725
3491061
3491705
3490878
3492292
3492197
3491688
3491992
3492480
3492442
3491984
3490767
3491178
3489225
3488965
3488957
3490046
3489582
3490497
3489932
3490925
3491434
3491173
3491733
3492585
3490927
3491957
3491242
3492125
3491829
3491608
3491426
3491983
3493332
3493004
3493559
3493233
3492277
3491829
3491992
3491254
3491271
3491518
3492956
3492489
3492765
3491773
3491445
3491004
3492659
3493075
3492052
3491708
3491220
3491747
3492357
3492378
3491232
3492466
3491388
3491589
3491656
3491237
3490392
3491338
3492222
3493058
3492312
3491755
3491778
3493376
3491841
3491433
3492820
3491795
3491234
3490506
3491185
3491919
3492628
3492118
3493072
3492332
