431648
1244255
1244032
1244170
1244458
1244284
1244287
1244406
1244223
1244591
1244514
1248466
1247506
1247562
1247480
1248009
1248066
1247738
1247849
1247795
1247873
1247597
1248020
1248127
1248050
1247915
1247934
1248174
1248544
1248247
1248631
1248174
1247993
1247866
1247879
1248456
1248610
1247930
1248417
1248362
1248292
1248006
1248090
1248034
1247948
1248113
1248214
1248098
1248409
1248456
1248530
1247839
1247697
1247896
1247827
1247999
1247821
1247914
1247965
1247917
1247838
1247825
1247777
1247713
1247791
1247500
1247976
1248054
1248333
1248366
1248240
1248391
1248908
1248737
1248452
1248490
1248344
1248002
1247941
1247882
1247991
1248229
1248216
1247750
1248078
1248127
1248050
1248224
1248031
1248027
1248028
1248334
1248004
1247789
1247593
1247707
1247517
1247140
1247466
1247790
