605821
3989774
3988201
3994117
3998455
4000064
4000349
3998200
3999212
4000466
3998991
3999056
3999798
3999160
3998642
3999634
4000011
3999798
4001039
3999523
3999727
3999840
3998098
3998443
3998209
4001120
4001530
3999934
4000309
4001225
4001389
4001691
4002255
4000451
3998671
4000478
4000034
4000858
3999799
3998978
3998889
3999657
4001560
4000499
4001004
4002964
4002415
4000852
4001406
4001804
4000566
3999394
4001313
4002558
4001340
4002434
4001801
4001600
4000831
4000213
4000070
3999694
3999316
4001793
4000645
4002381
4000761
3999857
4000178
4001063
4000617
4000334
4000760
4000831
3999942
3999602
4000468
4000047
4000994
4001141
4000945
4000811
4000697
3998117
3998739
4000802
3998966
3999777
4001719
4000764
3999513
3998328
4000510
3999124
3999714
3998985
3998862
3998213
3999540
4000595
