561064
3004279
3004048
3003839
3008534
3013238
3012989
3013281
3013417
3013213
3012853
3012457
3012681
3011882
3012913
3013453
3011744
3013236
3014385
3014037
3013289
3012912
3012328
3013574
3013801
3013289
3013534
3013631
3012430
3011850
3011099
3012300
3013077
3013249
3012503
3013263
3013765
3013506
3014161
3014553
3013266
3012850
3012377
3013593
3011945
3011877
3013342
3012797
3011682
3012233
3012657
3011262
3013038
3012589
3013093
3011904
3010993
3011694
3011913
3012465
3012566
3012089
3011671
3011593
3012702
3012750
3012720
3012852
3012733
3012360
3012457
3011893
3011222
3011235
3011393
3011476
3012083
3011245
3012473
3012586
3012838
3013265
3012862
3012554
3013090
3012180
3012732
3012114
3012625
3012506
3012598
3014106
3014153
3013365
3013189
3013368
3013562
3013057
3012837
3011349
