214407
2029775
2029490
2029501
2029263
2029774
2029458
2035244
2035038
2034445
2034646
2034564
2034764
2034826
2034910
2035261
2035013
2034308
2034132
2034341
2034642
2035750
2035425
2034330
2033818
2034621
2033714
2033832
2034614
2034018
2034059
2034207
2034933
2034335
2033791
2034278
2033807
2033312
2033176
2034175
2033493
2033724
2033147
2034014
2035057
2034704
2034885
2034278
2034357
2033526
2034387
2034413
2033296
2034037
2033958
2033756
2033699
2034202
2034083
2033438
2034498
2035256
2034810
2035127
2035510
2035851
2035399
2035214
2035516
2035724
2035352
2035322
2034982
2034245
2033438
2032830
2033661
2034028
2033990
2035057
2034403
2034756
2034610
2033661
2033516
2032825
2033298
2033556
2034084
2034544
2034303
2034161
2034253
2033929
2034458
2034543
2034086
2033265
2033803
2034057
