542382
1241296
1241326
1241103
1240797
1241117
1241416
1241042
1241005
1240971
1241416
1243496
1244238
1244094
1244082
1244038
1244223
1244012
1243675
1243904
1243724
1244145
1244223
1244000
1244268
1244243
1243908
1244454
1244272
1244622
1244816
1244509
1244467
1244451
1244922
1244980
1244930
1244839
1244914
1244226
1244326
1244458
1244972
1244777
1244713
1244603
1244387
1244401
1244802
1244618
1245029
1244822
1244969
1245134
1245322
1245247
1244978
1244606
1244440
1245021
1245022
1245400
1244644
1244692
1244322
1244581
1244632
1244394
1244346
1244352
1244208
1243946
1244550
1244399
1244457
1244179
1244186
1244666
1244867
1244242
1244311
1243991
1244372
1244660
1244319
1244411
1244146
1244613
1244667
1244408
1244278
1244387
1244488
1244407
1244451
1245290
1244857
1244921
1244615
1244460
