513020
765078
765162
764619
764461
764514
764767
764812
764659
764590
764551
764340
764945
765130
764829
764682
764613
765121
767434
767082
766949
767203
766813
766989
767185
767094
766632
767055
766970
766924
766727
766486
766899
766744
766833
767231
767096
766806
766604
766471
766646
766752
767186
767229
767237
767413
767121
767003
767010
767099
766906
766556
766474
766675
766919
766902
766598
766889
766717
766634
766766
766477
766519
766730
766800
766745
766590
766552
766754
766699
766523
766354
766510
766733
766698
766896
766734
766815
766609
766226
766524
766497
766315
766613
766503
766498
766621
766717
766865
766679
766614
766536
766798
766662
766692
766524
766688
766717
766910
766987
