846031
2739367
2739490
2739085
2739239
2744943
2746338
2745394
2745806
2745984
2745713
2744793
2745179
2745413
2745968
2745512
2745678
2746084
2745254
2744598
2744619
2745413
2745889
2746887
2745667
2744979
2744243
2744013
2744007
2744705
2744320
2744334
2744895
2743985
2745070
2745679
2745270
2744552
2744629
2744374
2744963
2744908
2745922
2745175
2745358
2746004
2745718
2745458
2744776
2744443
2744817
2744926
2745432
2745306
2745529
2746182
2745256
2745824
2746185
2748409
2746759
2746286
2746811
2746226
2746678
2745938
2746068
2746842
2746981
2747101
2745925
2746378
2747072
2746863
2747182
2747243
2747233
2747597
2745820
2747517
2746992
2747345
2746864
2745482
2745558
2746009
2745425
2745896
2745942
2744879
2746595
2746241
2746991
2746729
2745600
2744929
2745723
2745874
2745787
2744627
