826036
2270405
2269896
2269878
2269077
2270127
2274963
2275433
2277055
2276788
2276277
2275947
2275925
2276031
2276119
2275225
2275101
2275100
2275878
2277574
2277069
2276754
2277081
2277923
2276847
2277371
2277249
2277158
2275289
2275649
2276424
2276655
2276903
2276214
2276669
2276714
2276432
2276468
2277242
2276960
2276906
2276989
2277102
2276861
2277357
2277801
2277429
2275592
2276811
2275693
2276533
2277032
2276725
2276783
2276248
2275565
2275903
2275399
2275141
2275356
2276125
2276283
2276495
2276056
2276441
2275799
2275642
2275533
2274741
2274746
2274774
2275456
2275394
2273832
2274880
2275074
2275724
2276711
2275618
2276264
2276302
2275972
2275532
2276827
2276981
2276192
2276243
2275709
2275229
2276170
2276304
2276356
2276729
2276511
2276491
2276698
2275736
2275305
2274974
2276243
