243747
2991066
2991073
2990104
2992125
2998434
2997486
2998092
2996355
2997656
2997839
2998615
2998063
2998285
2998307
2998726
2997474
2996674
2997802
2997741
2998214
2998150
2997451
2997873
2998141
2998787
2997511
2998095
2998165
2997754
2998771
2998374
2999034
2999664
2999199
2997319
2997307
2995902
2996868
2996254
2996651
2997749
2998096
2997293
2996360
2997691
2996025
2996258
2996683
2997821
2997370
2997065
2998909
2997825
2997265
2997545
2997949
2997403
2998439
2997867
2997907
2998605
2997376
2998043
2997597
2998105
2997942
2998278
2997050
2999092
2999247
2998155
2998660
2998712
2998351
2998969
2999282
2998368
2998578
2998228
2998000
2998132
2999320
2998264
2997237
2998462
3000393
2999391
2997697
2997965
2998965
2998305
2997927
2998033
2998718
2998502
2997411
2997416
2997607
2997438
