797221
1724832
1725598
1725241
1724826
1725064
1725568
1726158
1729222
1729668
1729691
1729748
1730028
1730039
1730262
1730437
1729763
1729726
1729525
1729748
1729772
1730427
1729181
1729536
1729430
1729942
1730045
1730020
1729680
1729417
1730098
1730356
1729903
1730098
1730157
1730053
1730021
1729676
1729957
1729947
1730026
1730082
1730397
1730553
1729618
1729561
1729601
1729904
1730480
1731098
1730972
1730956
1730644
1730457
1730172
1730718
1730822
1731057
1730390
1730634
1729675
1729811
1730386
1729695
1729348
1729625
1729637
1730182
1730381
1730714
1729735
1729785
1729843
1729534
1729471
1729814
1730205
1729591
1730126
1729810
1729588
1729861
1730043
1730510
1730083
1730894
1729327
1729610
1729758
1729818
1729628
1729121
1728492
1728723
1728994
1728123
1728343
1728712
1728857
1729429
