624670
3750356
3750069
3750963
3759027
3758397
3759322
3758604
3758878
3759063
3758180
3758330
3758373
3757903
3757783
3756004
3757174
3756496
3756014
3756946
3757377
3759128
3758077
3757535
3758415
3758086
3759111
3756721
3756773
3757463
3755784
3756793
3757317
3758286
3757751
3757294
3758095
3756670
3757596
3757405
3757672
3756890
3756759
3755965
3755696
3755469
3756094
3756993
3757355
3758831
3757473
3757679
3758286
3757911
3758400
3758643
3757653
3757465
3756956
3757963
3756344
3755230
3755863
3755463
3755893
3755154
3755019
3756555
3756037
3756768
3756290
3756866
3757865
3756955
3756259
3756339
3756393
3756017
3756176
3755579
3755204
3755424
3755561
3756928
3756513
3755898
3755799
3755541
3756375
3754973
3754742
3755877
3756439
3756920
3756648
3757465
3756893
3756032
3758358
3758011
