1059787
3756206
3755509
3758731
3765563
3766554
3765227
3765929
3766985
3767268
3766442
3766116
3765638
3765428
3764867
3765509
3765474
3767379
3766791
3766484
3765625
3766576
3767140
3767012
3767270
3765312
3766845
3766982
3766133
3765489
3767212
3765698
3765072
3765332
3765917
3766625
3765638
3764717
3764544
3764331
3765467
3765301
3768032
3767107
3766760
3767353
3767549
3767491
3766758
3767276
3766089
3764794
3764754
3766412
3766937
3765348
3763692
3763395
3765250
3766586
3767797
3767974
3767586
3766637
3766074
3766035
3766317
3766751
3766242
3766721
3766085
3765252
3765195
3764263
3764230
3765453
3764893
3765494
3764591
3765618
3763417
3765231
3763929
3763660
3763787
3763854
3764032
3764056
3763740
3764473
3765216
3764956
3762808
3762771
3763310
3762210
3762116
3761329
3763539
3762983
