496352
137209
465822
465870
465574
465574
465922
465890
465946
466002
466050
465886
465918
465866
465906
465950
465758
465806
465886
465810
465794
465630
465766
465498
465822
466026
465902
465894
466038
466098
466062
467554
466874
466974
467074
467150
466982
467026
467014
467022
466794
466814
466810
466806
466970
466802
466830
467086
467106
467058
466854
466746
466870
466798
466674
466830
466762
466678
466726
466738
466798
466882
466878
466834
466666
466594
466742
466674
466722
466706
466666
466858
466822
466854
466974
467014
466974
467066
466938
466750
466706
466918
466870
466938
467046
467010
467054
466998
466866
466854
466894
466858
466910
466982
466734
466762
466826
466906
466974
467030
