76086
4010822
4011119
4018485
4021719
4022161
4022310
4021378
4022199
4023282
4022698
4022053
4020573
4023482
4023030
4023262
4022691
4023110
4022421
4025018
4025251
4023726
4022805
4023095
4023602
4024339
4022642
4022726
4023311
4023809
4022518
4022651
4021936
4022251
4022642
4022434
4022178
4022063
4022056
4020970
4021654
4021441
4020972
4021887
4021054
4020823
4021486
4019579
4020966
4022071
4021329
4022875
4022914
4022367
4021449
4022727
4021887
4023498
4023174
4024794
4022147
4021893
4022467
4022509
4023205
4022162
4021344
4023747
4022470
4023242
4023470
4021776
4023907
4025070
4023667
4023231
4025427
4023491
4024356
4022959
4023379
4024774
4024439
4023451
4022919
4021775
4020687
4022782
4022847
4022073
4021998
4022259
4024298
4023923
4022286
4022735
4022422
4021384
4022769
4023022
