572931
3276813
3278365
3277464
3284534
3285343
3286192
3286000
3284683
3284968
3285262
3284190
3285511
3285092
3285670
3285087
3286943
3286302
3286332
3285544
3286315
3286898
3287423
3286756
3286702
3286318
3285931
3286281
3286148
3285171
3285416
3285343
3284828
3285292
3286682
3285754
3285339
3286672
3286945
3285672
3285376
3286834
3287467
3286774
3286132
3286947
3287004
3286168
3285778
3286516
3287034
3286030
3284938
3285867
3285515
3286871
3286859
3285577
3286267
3287993
3288123
3287159
3288695
3288753
3288997
3288387
3287447
3287909
3288877
3289168
3289079
3288232
3289248
3288423
3287917
3288313
3289172
3288100
3288143
3288823
3288642
3288424
3287707
3286943
3287048
3286924
3288248
3289862
3289638
3289120
3288945
3288533
3287403
3287734
3288815
3287101
3286695
3287911
3286792
3287015
