281349
1728911
1728177
1728546
1728837
1728130
1728387
1727983
1731152
1732473
1732578
1732641
1733150
1733401
1732779
1732642
1732892
1733016
1732833
1733328
1732691
1732642
1732769
1732118
1732360
1732166
1731793
1732043
1732044
1732994
1733115
1732230
1732076
1732227
1732655
1732569
1732132
1732332
1732076
1731582
1731932
1731985
1731495
1731152
1731889
1732074
1731345
1731822
1731923
1732003
1731798
1732098
1732275
1732790
1732670
1732777
1731929
1732226
1732440
1731407
1732807
1732356
1731944
1731974
1732623
1732031
1732340
1732306
1731505
1732414
1733436
1733042
1732864
1732404
1732263
1731903
1732166
1732671
1732600
1732588
1732505
1732773
1732838
1732954
1732373
1732742
1732591
1732634
1732252
1732625
1732476
1732445
1732178
1732833
1733147
1732486
1733324
1733437
1732673
1732865
