466787
3994112
3992344
3998660
4003870
4003621
4003447
4003463
4004842
4004259
4003511
4003946
4004911
4005119
4005740
4003222
4005575
4004743
4003743
4004799
4002752
4005183
4003779
4002612
4004070
4004896
4004741
4004947
4004271
4004880
4005809
4003098
4003059
4004134
4003908
4004061
4005262
4002824
4002459
4003542
4004160
4004222
4003768
4005379
4004193
4003716
4002838
4002768
4004770
4003232
4003865
4003898
4004556
4004589
4002720
4004662
4003539
4003320
4002979
4003300
4004208
4004419
4004620
4005592
4003828
4003634
4004141
4003824
4002298
4003157
4002967
4003186
4002689
4000617
4002801
4003061
4001420
4001994
4002125
4002985
4002407
4002988
4003394
4003415
4005020
4005515
4003883
4003724
4001486
4001923
4001905
4001959
4002545
4002889
4002777
4004027
4003887
4003528
4002366
4000865
