275488
740722
740687
740900
741053
740843
740814
741263
740848
741152
741099
740939
740804
740758
741132
740934
740633
740910
741278
743090
742736
742571
742312
742561
742511
742724
742784
742676
742875
742699
742891
743258
742858
743282
743283
742982
743061
742979
742674
742383
742342
742658
742870
743002
743077
742872
742826
742716
742861
742955
742713
742908
743138
743148
742950
742888
742961
742990
742700
743006
742922
742801
742779
742879
742940
742962
742870
742731
742873
742922
742820
743175
743060
743046
742806
742804
742876
742942
742988
743060
743106
742931
743122
743068
742940
742938
743121
742863
742828
743022
742848
742786
742772
743155
743064
742957
742790
742964
742783
742926
