429172
536929
536799
536992
537215
536937
536848
536780
536969
536729
536784
537017
536898
536965
537021
536819
536726
536661
536718
536689
536513
536616
536888
537031
536912
538311
538131
538143
538089
538303
538292
538325
538047
537767
538078
537956
537949
538132
538206
538211
538044
538078
537998
538005
538275
538109
537889
537804
537973
538049
538179
537993
537961
537921
537937
537901
537836
537920
537768
537705
537954
537985
538099
537860
537820
537835
538164
538070
537995
538159
538240
538258
538140
538260
538117
538085
538155
538081
538118
538018
538000
538257
538016
538097
538081
538077
537980
537807
537960
537944
538182
538158
538177
538054
537938
538025
537876
537854
537979
538151
