236716
2255774
2256271
2256860
2255616
2255471
2259900
2262220
2261550
2262233
2261693
2261679
2262473
2263097
2263661
2263882
2263891
2263235
2262839
2262908
2262504
2263205
2262761
2261725
2261987
2263035
2263036
2263253
2263584
2262292
2262602
2263911
2264191
2262245
2262134
2262058
2263171
2262728
2262953
2262189
2261816
2261905
2261691
2261656
2262124
2261080
2261786
2262064
2262233
2262431
2262533
2262466
2262401
2261688
2262593
2262053
2261495
2260787
2261337
2261687
2262220
2261904
2261918
2261601
2262093
2261832
2261977
2262391
2262939
2262932
2261469
2260539
2260769
2261744
2261996
2261835
2262744
2262069
2262218
2262628
2262980
2262782
2262917
2262509
2262424
2263530
2263677
2264379
2264231
2264952
2263798
2263448
2262600
2262642
2262851
2263114
2262285
2261827
2262028
2262080
