513047
3492191
3491234
3490904
3500340
3501932
3501128
3500797
3501321
3499374
3499126
3499075
3499383
3498258
3500405
3499998
3499630
3499638
3500064
3500870
3500193
3501059
3499507
3499364
3500066
3500224
3500776
3501306
3501190
3500819
3502325
3502337
3500879
3501700
3500826
3500857
3501574
3502648
3502348
3502323
3501782
3501325
3501461
3502183
3503522
3502021
3502060
3503443
3504661
3503879
3502273
3500406
3500849
3499605
3500574
3500894
3501369
3501374
3501668
3502220
3501351
3500774
3501789
3500747
3501739
3500375
3500788
3503187
3502957
3501181
3501807
3502586
3501419
3503204
3502376
3502066
3502141
3502653
3500556
3501709
3502842
3503405
3503679
3504042
3502481
3501571
3502040
3502066
3502662
3501653
3501662
3500383
3500194
3500376
3501831
3501321
3501170
3500084
3500145
3498793
