585009
2236212
2236175
2236618
2237060
2236621
2241282
2242341
2242803
2242382
2242344
2242180
2242108
2242301
2242874
2242939
2241524
2242338
2242587
2242733
2242806
2242163
2241981
2242488
2241793
2241419
2243059
2243488
2243284
2242608
2242792
2242388
2242102
2241545
2241857
2242033
2241524
2241847
2242528
2242697
2242529
2242350
2241326
2242131
2242080
2242092
2241984
2242004
2242804
2242801
2242150
2242246
2242081
2241563
2241910
2241040
2240723
2241227
2241781
2240741
2240770
2241742
2242487
2242763
2241832
2242620
2241358
2240987
2240802
2241187
2240845
2242077
2241256
2241053
2241306
2241100
2242362
2241495
2241222
2241599
2240937
2240354
2240465
2241146
2241114
2241285
2240723
2240925
2241447
2240540
2240662
2241379
2241323
2241165
2241267
2240594
2240947
2241594
2241948
2241517
