333408
463878
463938
463950
464054
464010
463854
463942
463846
463890
463762
463746
463818
463754
463774
463606
463630
463702
463590
463754
463618
463642
463694
463786
463866
463846
463702
463666
463854
463806
463646
465490
464714
464666
464722
464782
464998
464898
464850
464758
464830
464902
464866
464830
464886
464922
464850
465194
465074
465174
465034
465090
464978
464938
465046
464906
464890
464886
465010
464858
464914
465054
465070
465166
465186
465138
464970
464954
464918
465130
465022
464994
465082
465082
465118
464994
465070
465030
465122
465086
465178
465242
465342
465354
465222
465210
465154
465338
465206
465034
465186
465066
465098
465166
465282
465254
465122
465286
465374
465302
