990176
3270192
3269704
3270355
3275673
3278157
3279325
3279377
3279602
3279187
3278449
3276835
3277021
3276955
3276268
3276934
3277149
3278308
3278488
3277772
3277305
3276959
3277626
3276690
3276690
3275725
3276000
3277670
3277421
3277224
3277525
3278456
3279458
3277872
3277512
3277287
3276847
3277173
3277938
3277140
3277050
3276471
3278514
3278290
3277429
3278017
3278292
3277238
3277270
3276662
3277016
3278025
3277556
3277225
3279400
3278903
3279132
3277581
3277814
3278067
3276828
3277019
3278265
3278505
3277916
3277711
3277736
3278842
3276986
3277688
3277304
3277861
3278137
3278120
3277739
3277313
3280131
3280633
3280586
3280863
3279678
3280366
3280122
3280966
3280317
3281110
3280487
3279430
3279782
3279566
3280483
3280406
3280891
3280321
3279879
3280810
3279483
3280625
3280927
3280650
