494728
226441
462938
462846
462946
462870
462766
462770
462678
462966
463022
462894
462998
462822
462902
462778
462858
462774
462718
462722
462866
462934
462890
462766
462774
463014
462834
462846
462650
462762
462746
464742
463866
463742
463818
463862
464030
463934
463782
463630
463902
463974
463942
464042
463942
464018
463942
463854
463862
463974
464138
464090
464066
464114
464098
464194
463978
463918
463986
463966
464046
464102
464022
464018
464090
463998
463990
464022
464182
464250
464070
464094
464138
464114
464122
464054
463950
463982
464110
464186
464158
464110
464166
464166
464194
464226
464078
464110
464086
464094
464182
464294
464266
464318
464314
464370
464110
464170
464190
464198
