914085
1498717
1499441
1499564
1498947
1499096
1498890
1499026
1499311
1501317
1503355
1503473
1503408
1503385
1502958
1503632
1503730
1503083
1503138
1503304
1503758
1503363
1503951
1503983
1503548
1504218
1503974
1503607
1503833
1504344
1503265
1502975
1502984
1503171
1503092
1502716
1502923
1502974
1503149
1503210
1502922
1502964
1502793
1502993
1502114
1502806
1502837
1503415
1503501
1503015
1503256
1503129
1502597
1502718
1502699
1502839
1502821
1503705
1504668
1504225
1503852
1503280
1503448
1503234
1502965
1503020
1503362
1503422
1503718
1503657
1504018
1504690
1504766
1504196
1503619
1503795
1503865
1504088
1503753
1503920
1504005
1503800
1503713
1504004
1503531
1503731
1503461
1503808
1503245
1503463
1503221
1503043
1502571
1502334
1502981
1503489
1503080
1503027
1502614
1503103
