882585
2023550
2023875
2022271
2022581
2022436
2022353
2028095
2028720
2028653
2028469
2027809
2028374
2028229
2027672
2027961
2028832
2027594
2027428
2028031
2028119
2027811
2027842
2028175
2028046
2028957
2028560
2027839
2027478
2027247
2028125
2028117
2028395
2027728
2028290
2028429
2029158
2029478
2029255
2029096
2029416
2028664
2028360
2027871
2028405
2028756
2028345
2027680
2027446
2027565
2027997
2027735
2027435
2027568
2028213
2028435
2027934
2028340
2028439
2027886
2027991
2027979
2028121
2028237
2027712
2026837
2027546
2026970
2027628
2026522
2026689
2027123
2026536
2026667
2026359
2026259
2026868
2027272
2027775
2026949
2027607
2028587
2028433
2027785
2027338
2028169
2028027
2028025
2027937
2028782
2028934
2028400
2028407
2027703
2026576
2027776
2027869
2028024
2027707
2027051
