564600
736028
735865
735766
735838
736162
736498
736470
736431
736611
736527
736433
736530
736614
736686
736327
736530
736708
736662
738518
737984
737940
737922
738190
738333
738146
737909
737959
737803
737829
737824
737736
737552
737782
737778
737614
737870
737994
737994
737883
737914
738155
738170
738289
737741
738278
738311
738263
737879
738091
738084
738285
738163
738065
737827
738167
738395
738106
738073
738030
737843
737990
737993
737907
737999
738132
738226
737790
737645
737630
738057
738105
737831
737881
737701
737669
737811
737838
738314
738068
738169
738161
738181
738037
738071
738035
737952
737998
738113
738284
738125
738258
738115
738132
738162
738180
738028
738062
738276
738450
