244277
226718
130535
226750
226606
226698
226754
226606
226610
226574
226686
226646
226706
226770
226766
226690
226686
226718
226766
226686
226666
226658
226626
226578
226594
226602
226630
226610
226486
226538
226562
226510
226490
226454
226610
226738
226718
226690
226650
226666
226674
226678
226642
226714
226646
226642
226598
226654
226606
226650
226666
226662
226710
226682
226754
226582
226586
226538
226574
226658
226658
226674
226670
227910
227190
227146
227178
227206
227186
227226
227322
227290
227218
227166
227266
227258
227274
227306
227410
227326
227366
227318
227370
227258
227198
227258
227202
227246
227294
227298
227246
227278
227306
227250
227302
227362
227326
227298
227242
227170
