436943
2527727
2526238
2526777
2527377
2529624
2533223
2533784
2534051
2534052
2534168
2534623
2534348
2534862
2533599
2534917
2534296
2533908
2534496
2533850
2534117
2532938
2533133
2533937
2532851
2531875
2531856
2532036
2532506
2533029
2533057
2532762
2533079
2534004
2534728
2534352
2533682
2533228
2532789
2533215
2533557
2532639
2533268
2533535
2532736
2532406
2533365
2533190
2533481
2532770
2532133
2531793
2532191
2532388
2532365
2531889
2532807
2533021
2531993
2532158
2532768
2532383
2532743
2534053
2533565
2533154
2533665
2534623
2534176
2533715
2534741
2534821
2533833
2533213
2533502
2532552
2533742
2533528
2533549
2533087
2533539
2533622
2533946
2533505
2533051
2532979
2533027
2532650
2533494
2534021
2534348
2533620
2533014
2533313
2532946
2533550
2534193
2534703
2533562
2533761
