56224
56567
56563
26948
56583
56583
56603
56615
56611
56607
56591
56599
56591
56599
56611
56615
56607
56595
56571
56575
56591
56611
56623
56615
56575
56599
56587
56611
56603
56603
56607
56591
56583
56583
56603
56599
56611
56623
56595
56583
56611
56619
56603
56599
56595
56599
56595
56607
56595
56607
56603
56619
56615
56631
56627
56639
56655
56619
56611
56607
56579
56615
56611
56591
56583
56575
56591
56595
56571
56591
56611
56591
56595
56595
56607
56583
56599
56619
56603
56603
56599
56615
56587
56595
56591
56603
56603
56611
56615
56615
56603
56583
56587
56599
56615
56615
56611
56599
56611
56619
