56060
56739
56751
56759
56787
56783
56779
56799
56831
56831
56819
48308
56827
56835
56843
56835
56831
56815
56811
56795
56823
56823
56819
56827
56803
56819
56807
56819
56819
56815
56815
56819
56819
56811
56815
56811
56831
56819
56831
56819
56815
56795
56827
56823
56815
56843
56815
56799
56811
56823
56815
56823
56827
56847
56847
56859
56835
56839
56819
56819
56803
56803
56827
56843
56831
56835
56827
56831
56823
56823
56823
56859
56859
56851
56831
56839
56827
56787
56803
56819
56835
56835
56819
56799
56783
56787
56799
56803
56811
56815
56811
56787
56763
56767
56779
56795
56803
56819
56803
56819
