244825
74407
278446
278386
278390
278382
278410
278270
278186
278406
278402
278366
278334
278262
278238
278226
278346
278402
278522
278414
278350
278258
278270
278322
278298
278294
278246
278166
278170
278254
278350
278294
278334
278454
278378
278466
278434
278378
278442
278330
278326
278366
278318
278290
278262
278274
278306
278274
278414
278414
278334
280362
279074
279070
279034
279046
279110
279018
279014
279010
279102
279190
279126
279054
279066
279014
278966
278998
279106
279082
279126
279150
279026
278990
279042
279094
279106
279050
279018
279050
279078
279134
279130
279094
279098
279106
279078
279174
279218
279170
279146
279130
279178
279154
279134
279086
279094
279130
279086
279070
