629606
3508773
3507906
3507836
3516422
3515874
3515701
3515118
3515397
3515328
3515244
3515315
3515829
3515589
3515608
3516076
3516707
3517026
3516609
3516283
3514220
3514593
3514657
3515209
3515094
3515286
3515768
3515171
3514568
3514296
3515785
3514553
3515575
3513855
3514873
3515401
3516384
3516619
3515497
3514562
3515335
3515993
3513954
3514084
3513990
3515150
3516074
3516696
3515422
3514098
3513815
3516473
3516202
3514730
3515419
3515581
3514698
3517065
3515524
3514984
3515541
3515543
3515396
3516112
3515549
3513658
3513414
3514612
3513810
3514851
3515057
3516147
3514930
3515587
3514992
3516196
3516189
3516220
3515911
3516015
3516503
3514893
3514925
3514139
3514095
3515243
3515154
3514364
3514643
3515828
3516613
3516204
3515334
3515336
3516307
3515873
3516593
3516212
3515247
3515471
