478616
3755586
3755957
3758048
3764390
3765361
3766178
3766195
3766042
3764748
3764726
3766167
3765445
3764218
3764362
3763163
3763840
3762014
3762103
3762535
3762334
3763384
3764004
3763313
3763400
3764123
3765122
3764156
3764386
3764999
3765963
3764255
3764596
3764654
3764953
3764152
3762523
3763084
3764311
3763334
3764183
3763467
3763025
3764876
3762929
3763794
3761793
3762810
3763972
3765594
3765300
3765421
3765264
3764828
3764619
3763625
3763600
3764728
3764415
3765950
3765020
3763265
3762190
3763202
3763701
3763538
3764303
3763468
3763988
3763689
3764186
3764345
3763758
3766379
3766267
3766851
3763891
3764874
3765158
3765118
3765360
3765812
3763062
3763707
3764642
3764741
3764238
3763647
3763880
3764540
3763048
3761672
3762083
3761849
3761482
3763103
3762710
3761651
3763081
3762917
