387670
1003147
1003343
1003153
1003095
1003195
1003288
1003412
1003755
1003588
1003700
1003629
1003890
1006543
1006011
1005942
1006587
1006749
1006094
1006380
1005510
1005778
1005900
1006289
1006042
1006223
1006288
1006260
1006055
1006401
1006336
1006324
1006497
1006518
1005865
1005968
1005680
1006019
1005775
1005859
1006138
1006196
1005775
1006031
1006199
1006148
1006638
1006618
1006632
1006807
1006803
1006502
1006297
1006164
1006172
1005749
1005852
1006080
1006018
1005996
1006599
1006161
1005867
1006144
1005947
1006069
1005967
1006092
1006339
1006420
1006258
1006586
1006166
1005991
1006414
1006533
1006319
1006324
1006428
1006374
1006373
1005745
1005925
1005923
1005825
1005803
1005551
1005719
1006094
1006088
1005574
1005794
1005252
1005817
1005973
1006117
1006108
1006187
1006188
1006120
