495646
114265
515083
515135
515071
515051
515083
514919
515023
514743
514831
514883
514823
514903
514919
514875
515111
515091
515003
514979
514831
514911
514739
514711
514787
514663
514487
514567
516783
515775
515851
515883
515735
515911
516303
516443
516227
516123
516047
516095
516115
515891
516055
516127
516219
516215
516235
516099
515827
515971
516035
516191
516087
516079
516167
516135
516175
516151
515991
515943
515923
515991
516003
515847
515983
515871
515923
516079
516119
516007
515763
515643
516099
516039
516087
516051
516163
516219
516199
516283
516355
516207
516143
515975
516191
516187
516159
516199
516311
516039
515967
516079
516063
515967
515971
515895
516027
516063
516071
516071
