315793
3544091
3544425
3545730
3555954
3553083
3554258
3552293
3552995
3551853
3551974
3553348
3552117
3553391
3552502
3552334
3552313
3552186
3552052
3552731
3553789
3553844
3553813
3553929
3553953
3554048
3554975
3554393
3554158
3554072
3553137
3552945
3554741
3553040
3553770
3553338
3553326
3552452
3553182
3552259
3550812
3551722
3553009
3553276
3552978
3552160
3552223
3553692
3553605
3553374
3553294
3552772
3553965
3553214
3553942
3552884
3553119
3551951
3551943
3552759
3553390
3553799
3553823
3553333
3553490
3553843
3554431
3552192
3552626
3552767
3553234
3554053
3553154
3553747
3554866
3553706
3554382
3553081
3554924
3554056
3552753
3553675
3553423
3552915
3552814
3554752
3555636
3555231
3554556
3552756
3553575
3552846
3553301
3552836
3552386
3552510
3552903
3551096
3551332
3550931
