887430
1983807
1983766
1984095
1984289
1984559
1984474
1989124
1989907
1990158
1989087
1989797
1989779
1989834
1990060
1990612
1989901
1990015
1990146
1990030
1990111
1989697
1990239
1990651
1990025
1989220
1990493
1990559
1990380
1990949
1990629
1990742
1990733
1990983
1990799
1989626
1990078
1990298
1989643
1990642
1990349
1989431
1988975
1989520
1989805
1989494
1989174
1988478
1988725
1989531
1989307
1988562
1988167
1988142
1989341
1988464
1988186
1988785
1989000
1989747
1989985
1989414
1988944
1989048
1989602
1989750
1989230
1990550
1989815
1989585
1989921
1989160
1989990
1989911
1989931
1990190
1989980
1989388
1989060
1989605
1989450
1988678
1989599
1989630
1990235
1990487
1990304
1989189
1988817
1989345
1989497
1989026
1989249
1989431
1989520
1989921
1989442
1988936
1989854
1989223
