55613
56754
56758
56750
56750
56742
56738
56726
41994
56742
56750
56758
56770
56754
56754
56746
56758
56742
56762
56754
56746
56750
56766
56750
56758
56758
56774
56786
56778
56762
56762
56758
56778
56774
56782
56766
56750
56758
56746
56754
56750
56750
56734
56754
56726
56738
56742
56738
56726
56730
56746
56746
56738
56746
56746
56730
56746
56730
56722
56754
56750
56742
56742
56750
56738
56746
56738
56738
56738
56730
56750
56734
56742
56734
56742
56722
56734
56710
56726
56726
56734
56734
56742
56742
56746
56722
56726
56718
56714
56738
56710
56698
56702
56698
56730
56718
56698
56678
56710
56730
