848565
1972346
1972042
1972040
1971814
1971192
2034232
1976433
1975819
1976384
1976510
1977179
1975515
1975630
1975402
1975614
1976447
1976670
1976096
1976398
1976050
1977362
1976763
1976253
1976017
1975854
1976326
1977196
1976712
1976134
1975208
1975569
1976292
1976287
1975831
1975912
1975977
1975733
1976351
1976996
1977932
1977579
1976705
1976649
1977177
1977001
1977298
1978070
1977698
1977282
1976952
1976539
1977207
1976380
1976834
1976464
1976474
1976966
1976582
1976798
1976597
1976215
1975927
1975234
1976893
1977399
1977529
1977362
1977278
1978026
1977718
1977299
1977463
1977225
1978579
1978351
1978439
1978463
1977828
1978374
1977806
1977985
1977443
1978143
1977406
1977961
1977537
1978452
1978869
1977406
1976471
1976387
1977638
1977212
1977035
1977615
1977102
1977139
1977212
1977147
