275775
2974778
2974511
2974893
2977693
2983836
2983121
2983293
2982749
2982121
2983004
2983646
2982399
2983450
2982331
2982168
2982861
2981561
2982837
2983381
2983920
2982544
2983437
2983666
2983873
2983725
2983765
2982604
2983867
2983456
2981556
2983456
2986000
2986765
2986211
2985322
2985923
2985083
2983617
2983634
2984145
2984436
2984050
2983867
2983308
2984182
2983211
2983289
2984719
2983333
2982433
2983224
2983369
2984000
2983675
2983403
2983413
2984496
2983605
2983545
2983137
2982575
2982827
2984327
2985009
2984426
2983840
2983064
2983184
2982420
2982524
2982812
2983781
2982629
2983001
2983417
2982809
2983213
2983998
2983989
2983237
2983451
2983897
2983837
2983955
2984162
2984420
2985009
2984031
2983532
2984000
2984233
2982902
2983020
2982244
2982523
2983371
2984227
2983249
2983228
