244685
225602
225670
91404
225590
225550
225518
225542
225538
225530
225554
225570
225502
225474
225418
225442
225434
225490
225458
225514
225486
225530
225494
225538
225558
225574
225582
225566
225522
225570
225586
225514
225382
225458
225538
225562
225518
225454
225394
225530
225514
225518
225554
225562
225534
225502
225486
225446
225502
225438
225490
225494
225530
225514
225578
225642
225638
225518
225558
225538
225518
225554
225526
227366
226006
226022
225982
226070
226010
226002
226134
226042
226126
226130
226182
226070
226058
226042
226058
226118
226162
226098
226086
225994
225978
226014
225970
225970
225986
226034
225966
225994
226030
226102
226002
226054
225966
225954
226090
226078
