1248552
1271974
1271997
1271976
1271524
1271598
1271000
1271160
1271816
1271521
1274410
1275155
1274599
1274306
1274275
1274057
1274913
1275364
1275105
1275226
1274981
1275019
1274856
1274368
1275173
1275193
1275141
1275277
1274909
1275204
1274699
1275138
1274397
1274511
1274684
1275020
1275231
1275144
1275375
1275223
1275136
1275141
1275294
1275287
1275339
1275856
1275231
1275374
1275307
1275326
1274816
1274850
1274321
1274839
1274668
1274419
1274450
1274492
1274985
1275192
1274743
1274621
1274655
1274532
1274777
1275167
1275344
1275540
1274996
1275241
1274552
1274878
1274740
1274575
1274856
1274799
1274855
1274557
1274741
1275516
1275222
1275245
1275276
1275055
1274571
1274807
1274793
1274902
1274943
1274737
1274509
1274356
1274267
1274248
1274081
1274535
1274460
1274511
1274667
1274621
