474189
2028167
2026998
2027449
2028035
2027944
2028064
2032861
2032978
2032529
2032374
2033201
2033521
2033188
2032827
2033458
2033433
2032883
2032888
2032648
2032776
2032243
2032816
2033129
2033342
2033367
2033007
2033351
2032903
2032319
2033170
2032880
2032477
2032967
2033053
2033322
2032805
2032461
2032865
2032701
2032297
2032157
2032546
2033205
2032910
2032652
2033322
2032365
2031613
2032053
2032278
2032664
2032667
2032947
2032855
2033401
2032777
2032216
2032517
2032145
2032092
2031864
2031368
2031773
2032389
2031942
2032292
2031885
2031391
2031865
2032388
2032487
2033290
2032525
2031917
2031988
2031926
2032011
2031542
2031321
2031613
2032244
2032337
2032267
2032200
2032876
2033254
2032950
2032585
2032707
2032347
2032150
2031961
2032709
2032728
2032612
2032516
2032204
2033004
2031909
