590171
982705
982741
982869
982934
982876
982917
982689
983012
982960
983282
983067
982754
983299
983230
986911
985449
985522
985321
985683
985247
985476
985470
985496
985754
985473
985063
985406
985530
985646
985654
985769
985486
985297
985273
985577
985746
985754
985546
985961
985738
985570
985677
985277
985142
985015
985202
985182
985111
984697
985058
985291
985324
985141
984602
984618
984308
984262
984722
984672
984710
984726
984638
984836
985091
985116
985030
984885
984410
984839
985181
984986
985448
984950
984876
985030
985010
985530
985621
985638
985778
985748
986049
985981
985990
985605
985862
985846
986070
986015
985760
985822
985929
985262
985146
985636
985770
985679
985632
985576
