669526
732795
732657
732540
732645
732988
732573
732721
732594
732534
732544
732492
732722
732800
732746
732546
732598
732586
732509
735043
734315
734490
734030
733988
733926
734282
734170
734455
734591
734579
734697
734806
734766
734585
734301
734550
734378
734231
734210
734369
734262
733987
734186
734238
734014
734129
734111
734130
734023
734227
734219
734215
734128
734226
734154
734269
734274
734317
734177
734334
734498
734484
734087
734288
734406
734276
734146
734178
734258
734171
734467
734456
734311
734380
734203
734612
734381
734362
734250
734469
734270
734457
734546
734535
734756
734713
734564
734507
734635
734813
734636
734642
734430
734587
734308
734221
734162
734230
734273
734561
