636720
2268066
2269024
2269384
2269605
2268697
2275332
2274886
2273682
2272736
2272652
2272843
2273182
2273043
2274569
2273605
2273897
2273398
2272901
2272798
2272773
2272287
2273013
2273529
2273393
2272839
2272926
2271754
2272582
2272663
2273135
2272832
2273249
2273103
2273923
2273172
2272879
2272981
2272504
2273803
2273745
2272681
2272390
2272358
2272503
2272352
2272384
2273695
2273263
2273924
2272686
2272292
2271815
2272691
2272893
2272528
2272844
2272100
2272803
2272953
2272605
2273045
2272876
2273341
2273097
2272462
2273160
2273354
2273732
2273315
2273974
2274922
2274951
2273716
2273146
2273231
2273634
2272937
2274018
2273170
2271872
2272436
2272097
2272724
2272909
2272643
2273594
2273742
2274527
2274289
2273338
2272344
2273071
2273974
2274335
2274221
2273936
2273786
2273812
2275028
