460993
3300513
3300558
3301146
3309726
3309663
3308704
3308663
3306977
3308397
3308525
3309408
3309489
3308042
3309062
3310315
3309974
3311114
3309522
3309710
3309794
3309973
3308984
3308423
3310039
3309517
3310319
3309836
3312420
3311390
3310615
3309751
3309776
3309520
3309492
3307337
3309683
3310533
3310678
3311703
3309998
3309338
3309598
3310046
3310826
3311210
3311753
3310052
3309794
3309378
3309247
3310014
3310300
3310188
3310802
3312379
3313411
3312151
3311982
3311951
3313191
3310794
3311689
3310960
3310264
3311869
3310371
3309206
3310875
3308870
3310051
3310394
3310063
3309261
3311315
3310318
3310816
3310647
3309554
3310208
3310582
3309644
3310460
3310024
3309238
3311420
3310267
3311094
3311198
3311000
3312415
3311198
3311561
3312549
3311227
3309358
3311353
3310736
3311109
3311780
