713532
1750842
1751097
1751170
1752351
1752331
1752292
1751654
1756050
1756519
1756393
1756502
1755364
1755847
1755887
1755312
1755567
1755616
1756012
1755633
1756476
1756825
1757499
1757994
1758111
1757318
1756903
1757285
1756956
1756913
1756308
1756623
1756909
1756893
1756016
1756559
1756966
1757278
1756997
1756417
1756450
1756108
1756561
1757148
1756923
1757435
1758178
1757045
1756182
1756159
1756632
1756682
1756525
1756555
1757456
1757314
1756963
1757101
1757228
1757532
1757069
1756544
1757042
1756792
1756486
1756461
1756251
1756914
1756933
1756654
1756170
1756097
1755756
1756981
1756650
1756857
1756344
1756031
1756208
1755488
1755401
1755632
1756019
1756339
1756141
1756140
1756355
1756376
1756800
1756937
1757046
1756961
1756440
1756985
1756217
1755981
1756505
1757289
1756934
1756242
