433762
3252152
3251747
3252223
3257031
3260302
3261185
3259371
3260216
3260546
3260659
3260517
3259959
3261056
3259997
3260526
3261274
3261177
3261117
3262326
3260705
3259571
3260201
3258663
3255952
3257746
3258504
3257177
3258512
3258073
3258789
3257458
3258092
3258643
3260158
3259346
3257624
3257500
3259408
3258378
3259705
3259592
3259185
3258257
3258596
3258313
3258837
3258495
3258862
3259764
3259451
3259413
3259034
3259590
3259535
3258473
3259160
3258381
3257595
3258840
3259400
3258828
3258833
3259031
3258501
3258038
3256950
3257454
3257490
3257328
3257811
3258530
3258038
3258115
3258402
3258553
3257855
3258258
3257428
3256708
3257364
3257623
3258288
3257225
3257793
3257828
3258671
3258860
3257732
3257901
3257464
3259913
3258090
3257933
3258961
3258727
3258626
3258621
3258285
3258142
