498830
1018420
1018114
1018381
1018686
1018377
1018745
1018976
1018850
1018213
1018428
1018754
1018458
1018556
1022070
1021206
1021037
1021164
1021458
1021574
1021238
1021118
1021094
1021640
1021288
1021288
1021354
1021773
1021640
1021773
1021801
1021440
1021417
1021364
1021115
1021385
1021066
1021144
1021331
1021075
1020778
1020854
1020923
1020740
1020713
1021053
1021343
1020978
1021494
1021320
1021362
1021332
1021280
1021214
1021556
1021506
1021350
1021642
1021747
1022128
1021609
1021564
1021436
1021050
1021110
1020381
1020817
1020889
1021149
1021106
1020794
1021299
1021366
1021154
1020818
1021234
1020817
1021152
1021039
1021140
1020893
1020622
1021153
1021176
1020700
1020821
1020990
1021456
1021257
1021325
1021323
1020821
1020487
1020641
1020815
1021165
1021556
1021578
1021281
1021070
