827376
3533053
3533614
3532734
3541211
3541146
3541921
3541528
3542009
3541566
3542600
3541719
3541648
3541189
3539708
3539800
3539986
3540133
3541580
3541456
3540761
3540929
3540584
3540846
3541375
3541895
3541802
3542168
3542213
3543057
3542263
3542862
3542622
3544087
3543726
3543360
3544360
3544309
3545016
3543918
3542917
3543499
3544126
3543274
3541690
3540079
3539994
3540343
3541110
3541595
3542234
3542036
3543329
3543060
3542176
3542835
3542433
3541151
3540411
3540390
3540809
3542436
3542478
3541958
3541931
3541539
3541617
3541329
3542437
3541687
3542031
3542269
3543901
3544354
3543112
3542504
3541674
3542687
3543049
3542536
3541827
3541945
3542064
3541758
3542485
3541900
3542002
3543417
3542449
3541773
3542316
3541513
3540605
3542017
3543071
3543629
3543579
3542803
3541634
3540250
