500447
2754061
2752921
2752982
2753166
2759473
2759073
2759610
2759454
2759911
2759597
2760652
2759701
2759889
2759949
2759702
2759412
2760122
2759291
2759926
2758003
2757720
2757432
2758284
2757578
2758218
2758896
2758330
2758205
2758214
2758186
2758502
2758489
2759855
2757407
2757320
2757288
2757632
2757018
2757058
2757430
2758798
2757790
2758261
2759204
2758461
2757504
2758547
2759248
2758376
2758102
2759245
2758941
2758524
2758110
2758403
2758773
2758540
2757521
2757231
2757635
2758177
2758258
2758418
2758437
2757343
2757324
2757857
2757837
2757555
2757690
2756842
2758780
2757339
2756954
2756464
2757822
2757620
2757337
2757196
2757776
2758659
2757837
2757136
2756853
2757254
2758520
2758940
2760588
2759655
2759589
2759027
2759085
2759590
2758354
2758181
2758859
2758741
2758975
2759303
