703526
1026209
1026280
1026524
1026672
1027218
1027072
1027480
1027414
1027032
1026956
1026933
1027021
1026973
1030248
1029833
1029652
1029578
1029515
1029097
1029165
1029236
1029143
1029202
1029463
1029082
1029123
1029258
1029047
1029357
1029669
1029719
1029884
1030044
1029735
1029684
1029780
1029731
1029873
1029658
1029457
1029605
1029690
1029521
1029221
1029484
1029428
1029612
1029764
1029502
1029729
1029541
1029850
1029772
1029688
1029262
1029209
1029334
1029548
1028988
1029224
1029088
1029213
1029226
1029188
1029534
1029527
1029184
1029062
1028624
1028777
1029342
1029484
1029056
1029337
1029061
1029050
1029504
1029470
1029568
1029573
1029392
1029866
1029369
1028837
1028905
1028601
1028547
1028949
1029037
1028937
1029034
1028756
1029104
1029355
1028988
1029133
1029386
1029620
1029497
