782352
1247882
1248062
1247480
1247394
1247163
1247549
1247582
1248046
1247647
1247652
1250269
1250724
1250947
1250898
1250175
1250413
1249577
1249591
1250382
1250489
1250638
1250443
1250229
1250186
1250396
1250090
1249996
1249848
1249879
1249742
1250053
1250453
1250570
1250486
1250837
1250988
1250438
1250564
1250227
1249974
1250027
1249647
1250117
1250006
1250315
1250473
1250440
1250245
1250085
1250420
1249866
1249778
1249993
1249678
1250031
1250501
1249971
1250138
1250225
1250343
1250094
1250206
1249867
1249823
1249840
1250129
1249638
1250070
1250023
1250210
1250263
1249940
1250097
1249840
1249810
1250267
1250315
1250436
1249855
1249581
1250190
1249653
1250015
1249741
1250023
1249925
1249730
1249613
1249438
1249570
1249462
1250008
1250118
1250119
1249979
1249451
1249654
1249971
1249948
