688078
2754755
2755422
2754457
2755378
2761201
2761724
2762283
2760282
2761399
2760832
2760855
2760642
2761894
2761982
2761626
2760948
2760166
2761248
2760764
2760860
2762117
2762950
2760659
2762172
2762235
2762468
2762184
2764155
2764679
2765017
2763923
2762630
2763301
2762639
2763605
2763703
2764504
2763719
2763878
2763426
2763462
2764239
2763061
2763214
2763580
2763503
2762843
2763659
2761741
2761904
2760765
2761422
2760733
2760903
2761012
2760039
2760152
2762682
2761408
2760934
2762966
2761336
2759616
2762088
2761465
2760753
2758628
2759503
2760974
2760966
2760299
2761032
2762265
2760949
2760765
2761183
2760907
2760918
2761555
2762118
2762515
2762839
2763063
2762986
2762601
2762736
2762063
2760659
2760809
2761306
2760267
2760233
2760655
2760698
2760589
2760818
2761167
2760918
2760545
