257241
2780941
2780348
2779473
2782793
2787492
2787188
2786900
2786404
2788650
2788634
2787963
2787852
2788595
2787397
2788583
2788200
2788727
2788819
2789329
2788459
2788377
2789206
2790502
2789113
2787829
2787074
2788455
2789227
2790121
2788025
2790019
2789323
2789854
2790827
2789155
2790642
2790315
2790141
2789382
2788829
2789075
2789443
2789648
2788779
2789686
2789439
2790454
2790961
2789322
2789110
2788875
2789215
2789674
2790543
2789627
2789906
2790400
2788571
2788573
2788707
2789709
2788989
2789095
2789184
2788389
2789066
2788716
2790704
2790373
2790783
2791160
2788348
2788389
2788479
2789369
2788946
2788610
2789595
2790211
2789996
2788932
2790067
2788360
2788519
2789952
2789327
2789930
2789750
2791086
2789830
2789904
2790324
2790069
2789255
2789440
2789931
2788691
2787844
2788203
