593638
2740188
2740707
2739975
2739796
2746274
2747106
2747197
2747400
2747944
2747236
2746797
2746939
2746810
2746451
2746651
2747179
2746877
2747324
2746371
2745545
2745801
2745744
2745245
2745826
2746522
2746123
2746176
2747335
2746177
2746793
2746624
2748033
2747028
2746276
2747636
2747326
2746738
2745961
2745770
2746869
2747324
2746294
2746389
2746888
2746621
2746270
2746378
2746461
2745397
2746275
2746869
2745320
2745941
2746003
2747424
2746831
2746041
2746023
2747126
2745566
2746478
2745813
2745127
2745971
2746747
2745969
2744533
2745954
2745911
2745826
2745666
2746588
2746637
2747476
2746771
2746463
2746100
2746302
2746801
2744693
2746054
2746120
2747443
2745382
2746583
2745993
2747408
2746415
2746208
2746463
2746190
2745402
2746345
2746198
2746031
2747321
2746027
2746387
2746434
