594266
2248859
2249249
2249006
2248532
2248231
2253033
2253199
2253291
2253877
2253745
2253475
2252990
2252993
2252558
2252800
2252843
2252461
2251530
2251453
2251632
2252574
2252134
2253458
2253048
2253753
2253226
2253107
2253151
2252608
2252722
2253330
2252682
2251666
2251635
2252095
2251767
2252294
2252536
2253369
2252746
2252164
2251955
2251730
2252191
2251597
2252306
2252629
2252261
2252349
2252729
2252439
2251305
2250912
2251509
2251587
2251304
2252646
2252908
2253102
2252660
2252103
2252125
2253149
2252974
2253142
2253160
2253050
2251393
2251878
2251357
2251146
2251123
2252121
2251912
2251524
2251942
2251105
2251326
2252365
2251785
2251426
2251901
2251606
2251445
2250456
2250475
2251062
2251405
2251356
2251955
2252358
2251496
2252087
2251645
2251824
2252278
2252681
2252987
2251889
