463229
2773371
2773491
2773056
2773531
2779707
2781289
2781025
2781924
2782321
2780698
2781107
2779864
2780368
2780515
2781166
2780166
2780344
2780477
2779683
2782602
2781025
2782155
2782255
2781879
2781700
2782224
2782089
2782903
2781320
2781517
2781148
2780879
2780521
2781608
2781387
2781707
2782220
2782216
2782386
2782061
2782491
2782153
2781355
2782153
2782328
2782420
2781730
2781360
2780430
2781008
2780337
2779563
2781473
2780965
2781775
2783014
2780880
2780680
2780196
2780745
2781209
2781593
2780648
2781866
2780750
2781209
2782162
2781535
2779583
2779585
2780147
2781335
2781440
2781351
2781280
2779688
2779977
2780385
2780624
2780488
2781825
2781305
2780949
2781094
2780982
2781123
2781345
2780958
2779945
2780531
2780341
2780614
2780903
2781392
2781448
2780825
2779871
2780570
2780016
