602203
2760566
2760850
2760987
2760696
2765625
2766477
2766348
2765733
2766825
2766905
2765511
2765560
2765729
2766293
2766941
2766641
2765364
2767164
2766173
2766153
2765993
2766492
2766213
2765568
2766396
2767124
2766457
2767272
2767120
2766257
2766080
2765828
2765652
2766267
2764896
2765503
2766048
2766301
2766232
2766032
2765464
2766624
2766097
2766412
2766480
2765841
2767109
2766832
2766409
2766200
2766041
2765665
2765577
2765435
2765116
2764661
2764899
2765549
2765685
2766379
2765269
2764864
2764816
2765993
2764968
2766263
2766437
2766928
2767019
2767016
2766968
2766663
2767191
2766988
2767077
2766667
2767328
2767392
2767205
2766417
2766616
2766203
2766359
2765349
2765792
2766133
2765781
2765828
2765644
2764976
2764792
2765319
2764716
2765445
2765837
2766029
2766209
2765780
2766351
