436223
760678
760822
760622
760394
760698
760642
760790
760774
760686
760430
760242
760142
760130
760502
760298
760446
760542
760950
762566
762626
762502
762518
762694
762506
762726
762798
763078
762742
762658
762602
762694
762758
762478
762462
762638
762742
762726
762762
762646
762478
762670
762582
762290
762626
762654
762642
762214
762434
762570
762374
762474
762370
762426
762282
762446
762466
762506
762398
762198
762346
762450
762518
762490
762486
762266
762394
762398
762478
762470
762450
762386
762206
762238
761986
762454
762230
762130
762350
762402
762154
761982
762262
762350
762390
762274
762510
762166
762246
762066
761726
761902
761742
762018
762322
762070
762034
762286
762338
762058
