463392
2745908
2744518
2745311
2747047
2753364
2752886
2753866
2754382
2753985
2753956
2753152
2752789
2753826
2754239
2754289
2754337
2755271
2754435
2753454
2753174
2753046
2753315
2753199
2753178
2754477
2753003
2753078
2754361
2754893
2754431
2753472
2754037
2753415
2752695
2752273
2752382
2751614
2753009
2751395
2751952
2752831
2753441
2752825
2752350
2752586
2753964
2753531
2753484
2753702
2751366
2752081
2752829
2753298
2753383
2752091
2752409
2753087
2753404
2753538
2752411
2753210
2753393
2753177
2752176
2752940
2753621
2752322
2752295
2753513
2752488
2753328
2754021
2753753
2754027
2754265
2753396
2754408
2754269
2753463
2753732
2753246
2753153
2751870
2753573
2753927
2753828
2752816
2753848
2754315
2754197
2753687
2754064
2754104
2755003
2754585
2754329
2754346
2754042
2753899
