494574
152542
513027
513047
512835
512811
512787
513027
513055
512951
512927
512699
512787
513067
513115
513055
512855
513047
513047
512847
512771
512847
512887
513075
512879
512847
512819
512847
514675
513883
513955
514103
514139
514183
513999
513891
514059
514075
514175
514143
514023
514095
514099
514047
513891
513775
513731
513815
513931
513855
513799
513935
514015
513783
513919
513823
513847
514011
513955
513835
513835
513871
513783
513695
513727
513795
513835
513839
513851
513783
513843
513723
513695
513767
513987
513927
513783
513975
514055
514091
514087
514179
514259
514147
513955
513923
514071
514259
514147
514119
514263
514275
514259
514355
514447
514519
514411
514363
514251
514219
