925986
3779647
3776770
3780260
3788019
3786288
3787713
3787267
3787719
3785979
3786734
3786810
3786099
3785942
3785469
3787710
3787259
3784177
3785700
3786363
3785957
3784794
3785367
3784494
3785439
3785237
3785752
3785871
3786316
3785200
3787002
3785870
3786017
3785321
3785792
3785730
3785978
3786676
3787407
3786939
3787023
3787868
3787138
3787633
3788091
3787402
3789366
3787665
3787265
3786208
3788224
3789135
3787767
3787755
3787630
3786427
3786888
3786098
3786514
3785519
3786767
3786731
3788213
3788613
3789022
3788670
3788994
3789402
3787186
3788669
3789158
3789251
3789654
3788057
3788093
3787125
3787378
3787322
3787870
3787198
3787709
3788378
3788775
3787527
3787348
3788030
3788579
3789986
3789705
3788219
3787279
3785961
3787934
3786487
3788602
3788557
3790130
3789610
3788750
3787742
