55653
50718
50710
50702
50710
50702
50698
50706
50698
50698
50722
50730
50730
50734
50726
50730
50718
50722
50718
50730
50762
50742
50734
50738
50754
50742
50722
50734
50734
50738
50722
50730
50758
50758
50738
50730
50750
50734
50726
50734
50738
50718
50714
50714
50726
50710
50710
50698
50690
50702
50690
50682
50710
50722
50714
50726
50706
50702
50706
50714
50714
50714
50718
50706
50706
50694
50702
50710
50726
50718
50734
50730
50750
50734
50738
50742
50726
50742
50718
50718
50742
50734
50730
50722
50738
50730
50722
50722
50730
50718
50718
50718
50722
50726
50718
50714
50686
50706
50710
50714
