922205
3010138
3010073
3010203
3012367
3017300
3017382
3018414
3018379
3017968
3018327
3018501
3017371
3017295
3017043
3017429
3017248
3015841
3017535
3017141
3017583
3017576
3017593
3018792
3018400
3018680
3017895
3018467
3017356
3018685
3019337
3018230
3018002
3017140
3017674
3016974
3017643
3017379
3016260
3015701
3017816
3017200
3016936
3016979
3017490
3016476
3016715
3018306
3018047
3017835
3018437
3017882
3017952
3017877
3017773
3017537
3017572
3017381
3016411
3016027
3016494
3016827
3015814
3015146
3015205
3016006
3016380
3015941
3016463
3016535
3015559
3016532
3015831
3015626
3017627
3015159
3015756
3015040
3015951
3014283
3014857
3016010
3016054
3017771
3016488
3016775
3016903
3016234
3016545
3016844
3016255
3017816
3017014
3016779
3017396
3017955
3017617
3017207
3018095
3018591
