754129
2015857
2015822
2015917
2015767
2015436
2015591
2020672
2020237
2020413
2020075
2019014
2020586
2020481
2020513
2020268
2020683
2020124
2020100
2020920
2021292
2021364
2020948
2020878
2020398
2021057
2020031
2020131
2020069
2020414
2019769
2020869
2020877
2020326
2021020
2021225
2020219
2019808
2021397
2021592
2020934
2020703
2020851
2021227
2020520
2020029
2020130
2020790
2020652
2020643
2020615
2020023
2020395
2020587
2020382
2020396
2021550
2021434
2020964
2021096
2020628
2021497
2021499
2022416
2020771
2020837
2021685
2021516
2021179
2021158
2021158
2021137
2020537
2021361
2021573
2021457
2021896
2022272
2021850
2021061
2022423
2022289
2021256
2021120
2021726
2021012
2021469
2021550
2021008
2021125
2021239
2020688
2021368
2020997
2020949
2021166
2020593
2020976
2020878
2021144
