947115
2019048
2019735
2019767
2019456
2019093
2019731
2024248
2024704
2025102
2024795
2025031
2024471
2024642
2024952
2025098
2024967
2025369
2025149
2024648
2025798
2024645
2024343
2024865
2024702
2024859
2024650
2024309
2024544
2024960
2023958
2024665
2024525
2023929
2023189
2024309
2024190
2023709
2023362
2024796
2024438
2023876
2024764
2025139
2024496
2024912
2025596
2025650
2025246
2024841
2024781
2025009
2025015
2024148
2023913
2024919
2024542
2024538
2024194
2024287
2024518
2024010
2024109
2023891
2023559
2024569
2025019
2024650
2023770
2023977
2024053
2024249
2023700
2023786
2023622
2023805
2023809
2024486
2023867
2023752
2024047
2023454
2022941
2023006
2024509
2024345
2024284
2023782
2023591
2023533
2023716
2023122
2023658
2024564
2024398
2024130
2023584
2023725
2024640
2023282
