592074
1528033
1528436
1528037
1528393
1527956
1527612
1527260
1527303
1530933
1531345
1530440
1530884
1530922
1531636
1531491
1531605
1531443
1531008
1531519
1531346
1531608
1531977
1531516
1531770
1532134
1531845
1531695
1531508
1531470
1531546
1531546
1531128
1530860
1531582
1532311
1532107
1531258
1531779
1531935
1532086
1531925
1531565
1531170
1531092
1531230
1531383
1531234
1531303
1530784
1530813
1531667
1530973
1530826
1530920
1530934
1530578
1530445
1529901
1529660
1530284
1530405
1530266
1530732
1530690
1530643
1531007
1530869
1531640
1531090
1531710
1531780
1531281
1531267
1531354
1531766
1531297
1531493
1531019
1531399
1531658
1532066
1532643
1531650
1531414
1531781
1531863
1531205
1531626
1531493
1531592
1531012
1531553
1531191
1531266
1530819
1531072
1531220
1531989
1532135
