660619
2973247
2972259
2972982
2973885
2980823
2980694
2980987
2980547
2980610
2980023
2980468
2980219
2979908
2979754
2980314
2980649
2979813
2979606
2979847
2979829
2979578
2978865
2979830
2979632
2979925
2979544
2979763
2980224
2979514
2979227
2980027
2980672
2981602
2980830
2980108
2980574
2980360
2979387
2979511
2979054
2977896
2978697
2978116
2978533
2979268
2978981
2979043
2979809
2979307
2979189
2980270
2979187
2980303
2978121
2977204
2977920
2979397
2978977
2980215
2980115
2979213
2979184
2979168
2979345
2979357
2980104
2979970
2979704
2979768
2978799
2978981
2979401
2979389
2980868
2980233
2979564
2979684
2979673
2980341
2978683
2979683
2979093
2979594
2980185
2979938
2978148
2977578
2978620
2978461
2979432
2979157
2979690
2979664
2980545
2980446
2980033
2979635
2980720
2980118
