998581
1733716
1734390
1734419
1734614
1735781
1733588
1734087
1736740
1738142
1738416
1738077
1738082
1738573
1738080
1738112
1738552
1738908
1738890
1738751
1738545
1738568
1738480
1738491
1738575
1738737
1738722
1739044
1739136
1739557
1740037
1739604
1738533
1738452
1738388
1738216
1738541
1738680
1739469
1738922
1738494
1738697
1738858
1738490
1737482
1738191
1738762
1738834
1739210
1739182
1739014
1738808
1739006
1737932
1738276
1738628
1739266
1738412
1738311
1738406
1738708
1738542
1738633
1738667
1739557
1739009
1738864
1739088
1738318
1738216
1738914
1739053
1738907
1738641
1738924
1739199
1738817
1739579
1739269
1738400
1738879
1738537
1739104
1738954
1739249
1738874
1739117
1738684
1739136
1738799
1738513
1739350
1738747
1738419
1738998
1739105
1738551
1739001
1738710
1738474
