559259
2535565
2534824
2535192
2535886
2538239
2540085
2542222
2543517
2542312
2542440
2542478
2542992
2543206
2543124
2543928
2543506
2542772
2543227
2543948
2544787
2543295
2544279
2543797
2543880
2542886
2542680
2543050
2544212
2541417
2541024
2541480
2541028
2542218
2541895
2542252
2541977
2541858
2542224
2542357
2542122
2541982
2541686
2541508
2541329
2542136
2542332
2542051
2541177
2540605
2541108
2541728
2542019
2542895
2543762
2543603
2544165
2543821
2543741
2544276
2543801
2543208
2544676
2544015
2543170
2542994
2542618
2543672
2543974
2543738
2543737
2543255
2543524
2542585
2543431
2542925
2543059
2543646
2543796
2542912
2542640
2543553
2543608
2543590
2542926
2543610
2543406
2543613
2542865
2542720
2543254
2543361
2543924
2543020
2543427
2542903
2541504
2542355
2542034
2543351
