407320
3770450
3770567
3772975
3783653
3783989
3783284
3784470
3785393
3785186
3782860
3784557
3778937
3784067
3785181
3785745
3784896
3785333
3783283
3778286
3784997
3780347
3783949
3784813
3783992
3777693
3778895
3784916
3783925
3778582
3779207
3784660
3785277
3783952
3778439
3784258
3784751
3784477
3783947
3783401
3777367
3778830
3784919
3779260
3784738
3782791
3784700
3778228
3784096
3778103
3783932
3777631
3778749
3785162
3784660
3784699
3785035
3785271
3786193
3784957
3784222
3784967
3784385
3784955
3788192
3786705
3787335
3785405
3784060
3786413
3786247
3786366
3784994
3785472
3786009
3785483
3784856
3779111
3778911
3785499
3785055
3786207
3784534
3784575
3779051
3779326
3785516
3786759
3785478
3787919
3787070
3785099
3784209
3784696
3786227
3786411
3786497
3786527
3785440
3784789
