3008841
3042464
3041829
3041456
3048201
3050215
3048947
3049756
3049570
3049929
3050531
3051281
3052803
3052357
3051032
3050518
3050692
3051665
3053153
3051965
3051400
3051415
3051934
3050800
3051282
3050960
3051110
3050431
3049886
3048754
3048661
3048910
3049582
3049645
3048787
3048276
3049201
3050622
3049970
3050479
3049079
3048454
3047636
3049900
3051161
3050610
3051365
3052058
3050757
3049051
3049038
3049639
3049957
3048466
3048709
3048918
3048789
3048842
3048520
3048576
3048709
3049977
3048464
3049889
3048511
3048685
3049029
3049182
3048805
3048562
3048526
3049039
3048082
3048870
3048706
3048657
3048136
3049250
3048741
3050457
3050025
3049786
3049783
3050000
3050386
3049558
3049392
3049004
3049294
3050383
3050682
3050329
3050538
3051074
3050736
3050930
3050475
3050122
3050514
3052613
