532019
2522754
2522910
2522321
2522148
2525033
2528800
2528773
2528822
2529122
2527950
2529234
2529060
2528613
2527892
2527966
2528236
2527572
2527730
2528269
2527783
2528230
2528134
2527461
2528083
2528514
2527750
2526743
2527146
2527180
2527223
2527576
2527156
2527924
2527679
2528183
2528417
2528293
2528254
2527744
2527790
2528397
2528340
2528102
2528034
2527813
2528366
2527756
2528825
2528930
2528471
2527872
2527930
2528510
2528793
2528615
2528060
2528853
2529345
2529273
2529084
2528863
2528821
2527976
2528817
2530078
2530372
2530039
2529091
2530223
2528793
2529661
2529099
2528167
2529053
2528009
2527555
2528251
2528838
2528045
2528872
2529114
2529124
2528902
2528553
2529036
2528105
2527198
2527293
2527960
2527934
2527091
2526912
2527808
2528160
2528652
2528606
2529014
2529267
2528915
