553421
2022252
2022719
2021538
2021839
2022279
2022563
2027561
2026351
2026795
2027125
2027496
2027622
2026949
2027471
2027534
2026493
2026161
2026867
2027322
2026396
2025465
2026279
2026362
2026600
2025492
2025046
2026189
2026846
2027000
2027003
2027309
2026322
2025909
2026383
2026451
2025974
2025898
2025790
2026623
2026736
2026360
2026406
2026111
2026390
2026181
2026562
2027136
2027012
2026753
2027371
2026619
2026437
2026797
2027155
2027103
2026519
2027287
2026946
2027294
2027818
2027299
2027095
2027482
2028144
2028512
2028710
2027774
2027372
2027364
2027186
2028199
2027668
2027086
2027444
2027419
2027400
2028107
2028322
2028306
2028408
2027709
2027949
2028062
2027581
2027104
2027100
2026696
2027316
2027334
2026150
2026709
2027192
2026434
2025654
2025652
2025261
2025866
2026851
2027379
