513760
731625
732028
732001
731863
731863
731812
731830
731726
731864
731770
731884
731388
731411
731683
731817
731763
731761
731826
733805
733241
733116
733369
733211
733252
733278
733036
732869
733124
733091
733102
733325
733065
733162
733117
733121
733284
733333
733180
733346
733485
733130
733296
733457
733573
733633
733885
733795
733505
733653
733748
733361
733553
733441
733357
733069
733335
733495
733501
733233
733082
733069
733074
733096
733223
733407
733572
733768
733593
733775
733784
733970
733734
733868
733595
733407
733050
733476
733864
733875
733863
733570
733621
733499
733757
733583
733450
733467
733592
733653
733513
733451
733658
733482
733521
733785
733896
733860
733816
733783
