457192
3290520
3290241
3289961
3295842
3298336
3297447
3296668
3296645
3297332
3296370
3297049
3296466
3297894
3297407
3298414
3298766
3297738
3298661
3299105
3298031
3298882
3299374
3297946
3298223
3298511
3299175
3298135
3297272
3297002
3298939
3298999
3299740
3298958
3298979
3298244
3297875
3298320
3297965
3298574
3297373
3297692
3297946
3297040
3298814
3298266
3297568
3296895
3298575
3298278
3299208
3298145
3298249
3297601
3297997
3297780
3297830
3297873
3297201
3297387
3297784
3297157
3297750
3298353
3296456
3295921
3297708
3297857
3298172
3298126
3298226
3299129
3298397
3298536
3296989
3295537
3295659
3296738
3296293
3296885
3296684
3296287
3297037
3296419
3295866
3296326
3296460
3296196
3296711
3296871
3296613
3297559
3297813
3297985
3296657
3296022
3298451
3298243
3296825
3296519
