400563
3534248
3532803
3534287
3543180
3542095
3541656
3541608
3541066
3542485
3543131
3541384
3541537
3541854
3543112
3542512
3543567
3542040
3542216
3543677
3543367
3543477
3544397
3544580
3543511
3543537
3543028
3542842
3542471
3543359
3544026
3543556
3543277
3543902
3543258
3544735
3543824
3542432
3542277
3543756
3542557
3543519
3542144
3541852
3543599
3543431
3543735
3545126
3543638
3543647
3542982
3543381
3544878
3545098
3545064
3542776
3542866
3543704
3543758
3542704
3542813
3543464
3545336
3543464
3543333
3542317
3544205
3545423
3544642
3543734
3544584
3545565
3544508
3544904
3543853
3543192
3543568
3543683
3543372
3544904
3544213
3544219
3545361
3543614
3543799
3544004
3544037
3545943
3545624
3544526
3544238
3544076
3542201
3543904
3543277
3544099
3544717
3545368
3543601
3544758
