485870
2514641
2515551
2515684
2515440
2518343
2521258
2521271
2521202
2520631
2520324
2520393
2521000
2520717
2520374
2520345
2520483
2520089
2520543
2520982
2520351
2519562
2520837
2521779
2521256
2521243
2521009
2521156
2520850
2520700
2520780
2521243
2519992
2521485
2521360
2521562
2519877
2521166
2521253
2520692
2521399
2521411
2521640
2522195
2521612
2520728
2520039
2520600
2520187
2520092
2520367
2521173
2521361
2521420
2521547
2521426
2521390
2520946
2521121
2521744
2520938
2520986
2521353
2520695
2519902
2520305
2521469
2520885
2520716
2520792
2521072
2521027
2519517
2520614
2520249
2518610
2519884
2521109
2520956
2521751
2521189
2520916
2521236
2522328
2522040
2521107
2519881
2520752
2521176
2520701
2520395
2520936
2520826
2520867
2519853
2520279
2520463
2520189
2520426
2520142
