496413
2733052
2732889
2732003
2733204
2739814
2739503
2740568
2739934
2739124
2739496
2740582
2741708
2741442
2742110
2740657
2742080
2742056
2741277
2742461
2741352
2741293
2739813
2740849
2741338
2740559
2740495
2741246
2741415
2741209
2740422
2739551
2739693
2740666
2740855
2740660
2740964
2742059
2741860
2740658
2739880
2740854
2742163
2741877
2741361
2740314
2741416
2741812
2741166
2741900
2740103
2740424
2740038
2740949
2740408
2741221
2741062
2741405
2740074
2740034
2740123
2741165
2740077
2740237
2739508
2740063
2740394
2740873
2740516
2741356
2741363
2741011
2740750
2739923
2739725
2741461
2741259
2740994
2740027
2740299
2741549
2740549
2739703
2740804
2740448
2740160
2740380
2740070
2740300
2740421
2740091
2741010
2740829
2740781
2740511
2740758
2740531
2739974
2740229
2741088
