701636
1217247
1217375
1217710
1217294
1217491
1217551
1217355
1217298
1217202
1217051
1216891
1220422
1219978
1219739
1220017
1219941
1220348
1220174
1220018
1219527
1220229
1219548
1219735
1219801
1219967
1219937
1219859
1220093
1219910
1219802
1220215
1220554
1220569
1220450
1220960
1220890
1220997
1220726
1220621
1220490
1220337
1220266
1220978
1220791
1220316
1220031
1219798
1219888
1219967
1220527
1220978
1220593
1220586
1220405
1220548
1220170
1220339
1220130
1220429
1220611
1220326
1220530
1220254
1220394
1220310
1220262
1220052
1220293
1220481
1220277
1220130
1220347
1220457
1220422
1220586
1220642
1220556
1220498
1220566
1220653
1220598
1220554
1220915
1220605
1220218
1220318
1220523
1220458
1220296
1219882
1219904
1220186
1220213
1220190
1220425
1220662
1220557
1220518
1219956
