879838
2983373
2985076
2984735
2985131
2991464
2991131
2991233
2991224
2991274
2991566
2991860
2991407
2990958
2991231
2990646
2990136
2991364
2991339
2991254
2991226
2990608
2991092
2990814
2989606
2989790
2989853
2991205
2992015
2990832
2990145
2990620
2989873
2990547
2991242
2992645
2992514
2992776
2992020
2992107
2992160
2992320
2991442
2991471
2992610
2992685
2992686
2992285
2992567
2993109
2991066
2990536
2991393
2991394
2992142
2991809
2991588
2991785
2991036
2991406
2991299
2991420
2991992
2990698
2991400
2991920
2990225
2989652
2990062
2988813
2989221
2989713
2989517
2988934
2989299
2990124
2989961
2990116
2990335
2990341
2989517
2989222
2990253
2989544
2989492
2990101
2989723
2990516
2989122
2989225
2988725
2988754
2990213
2989940
2990159
2989880
2988756
2989091
2989150
2990059
