395375
1521468
1521385
1521802
1521617
1521822
1521373
1522189
1521202
1525142
1525379
1525148
1525352
1525246
1525719
1525423
1525097
1525073
1525081
1524786
1525214
1525024
1524920
1524831
1524699
1524580
1524873
1524446
1524724
1524546
1524735
1524399
1524715
1524219
1523845
1524225
1524330
1525119
1525112
1524814
1524226
1523697
1523633
1524370
1524853
1525359
1525711
1525270
1525010
1525353
1525179
1525439
1525805
1525252
1525136
1525319
1524699
1524543
1525242
1525364
1524375
1524410
1524392
1524496
1524816
1525126
1525177
1525144
1524800
1523791
1524502
1524597
1524932
1524822
1524897
1525247
1524477
1524401
1524612
1524704
1524853
1524769
1524433
1524391
1525549
1525651
1525408
1524856
1524286
1525319
1525050
1525475
1525424
1525037
1525167
1525263
1524993
1524394
1524300
1524560
