244621
232998
189051
232998
233058
233018
233046
232938
232910
232894
232954
232974
232950
232994
232934
233018
232974
232942
232882
232962
233018
232954
232906
232870
232918
232990
232990
233006
232974
232938
232894
233066
232966
232890
232954
232918
232830
232826
232870
232854
232942
232938
232894
232842
232898
232810
232742
232822
232926
232994
232978
233022
233094
233058
233050
232910
232882
232830
232942
233050
232926
232862
232898
234494
233478
233458
233526
233558
233614
233610
233638
233658
233594
233586
233546
233578
233542
233502
233510
233546
233638
233594
233562
233522
233514
233538
233454
233434
233422
233426
233378
233410
233510
233506
233470
233542
233558
233606
233558
233578
