744275
3998020
3998079
4000557
4007471
4005412
4007082
4005873
4006960
4007575
4006772
4006936
4007209
4008010
4006629
4007588
4006724
4004896
4006565
4004380
4005402
4006794
4006125
4006105
4006054
4004413
4005814
4005753
4005534
4004075
4005572
4006016
4007983
4007578
4005425
4006271
4007352
4007017
4006982
4006307
4005839
4007334
4006969
4007323
4006224
4005963
4005207
4006406
4006552
4006451
4006102
4007464
4008282
4007778
4006604
4005230
4006764
4007405
4005055
4006105
4005608
4007843
4007085
4008319
4007671
4007465
4007841
4006843
4005584
4006156
4006645
4006945
4005883
4005377
4005335
4004712
4004789
4006444
4005220
4006451
4006380
4006614
4005022
4006288
4004957
4005873
4005497
4004556
4004740
4006047
4005405
4006221
4005116
4005136
4005478
4005150
4004920
4005376
4006196
4006480
