938284
3750297
3749728
3751471
3758935
3758959
3759241
3759643
3758647
3760202
3760876
3762182
3760985
3760841
3759346
3759782
3760822
3760690
3761300
3759841
3759518
3761381
3761670
3760132
3761300
3760046
3759357
3759479
3760466
3759919
3760546
3759727
3760271
3760060
3759325
3760696
3760834
3759878
3760294
3761405
3760760
3759003
3759165
3760386
3759396
3759778
3759712
3758878
3758957
3757767
3758993
3759987
3761248
3760045
3758808
3759814
3759466
3758013
3758902
3757635
3759022
3759402
3760065
3759336
3758539
3758253
3759171
3758985
3759540
3758970
3759209
3758590
3758975
3760983
3759375
3759979
3759165
3759892
3759536
3758360
3757518
3758908
3759866
3758313
3756736
3758743
3759728
3758101
3760053
3757749
3759031
3758580
3759588
3759248
3757641
3756508
3758229
3758403
3758947
3758923
