720515
2976832
2975319
2976914
2977121
2982855
2984007
2983619
2982587
2982903
2984433
2984004
2982624
2983383
2983585
2983721
2983393
2984325
2983327
2983231
2983837
2983469
2983207
2983479
2984023
2983169
2983359
2982279
2982388
2983731
2982899
2984193
2983241
2983751
2982829
2983741
2982521
2982172
2982735
2983171
2983455
2984067
2983823
2983175
2983439
2983517
2983512
2983317
2983515
2982784
2983671
2983183
2983781
2983979
2982480
2982739
2982629
2982400
2982720
2983668
2983735
2983005
2984191
2984197
2982975
2982393
2984011
2984185
2983861
2983667
2984947
2984217
2982909
2982887
2983660
2983185
2982008
2981014
2982511
2982484
2982651
2981784
2982136
2982956
2982407
2982667
2982458
2984144
2984131
2982951
2982107
2982507
2981827
2982498
2982691
2982215
2983130
2982935
2983213
2983163
