541159
963030
962874
962718
962614
962958
962966
962954
962626
962742
962854
962962
962842
962814
962630
964254
965058
965162
964718
964778
964826
965070
964914
964774
964566
964634
964722
965118
965270
965018
965202
965070
964738
964638
964462
964642
964862
964974
964822
965122
964782
964590
964758
964706
965014
965118
964822
964862
965046
964930
964586
964842
964838
964594
964398
963998
964270
964446
964586
964370
964314
964426
964674
964910
965002
964514
964870
964570
964486
964306
964762
964854
964746
964510
964730
964598
964142
964314
964522
964494
964466
964538
964406
964374
964658
965010
964910
964722
964126
964122
964506
964610
964602
964626
964902
964690
964766
964878
964910
965126
