784848
4033603
4032978
4036039
4041796
4043223
4042956
4041631
4041864
4041048
4042092
4042560
4042608
4040635
4041876
4043239
4043863
4043490
4043112
4043108
4043403
4043863
4042371
4044059
4044120
4044162
4044375
4044215
4045196
4045028
4045619
4044228
4043524
4043627
4044035
4044520
4043971
4045171
4045187
4045648
4045674
4045336
4045979
4044459
4044599
4044839
4044868
4043964
4044752
4043403
4044742
4043649
4045027
4045395
4043956
4045706
4045315
4044471
4045443
4045131
4045056
4046076
4046064
4045512
4044224
4045139
4046528
4045811
4046400
4049182
4046019
4045331
4046560
4047533
4046777
4045430
4045804
4047289
4048238
4046243
4046910
4046527
4047451
4047086
4047795
4046618
4045944
4044639
4044728
4045260
4045839
4045595
4046935
4046581
4046003
4048601
4047219
4047003
4047579
4048785
