747432
129605
740274
740210
740262
740154
739938
740042
740090
740138
740382
740342
740402
740434
740526
740358
740474
740130
740274
740322
740198
742810
742178
742134
742182
742174
742094
742054
741986
742134
742114
742082
742118
742266
742382
742246
742266
742354
742142
742138
742074
741970
741922
742154
742170
742118
741962
742026
741774
741854
741950
741830
741786
741590
741958
741954
741834
741490
741498
741726
741982
741890
741722
741414
741462
741442
741442
741762
741758
741754
741414
741814
741766
741610
741722
741794
741862
742018
741690
741558
741290
741166
741450
741642
741482
741194
741574
741758
741946
741630
741518
741530
741374
741558
741498
741490
741438
741214
741378
741714
