917107
2022696
2022001
2022384
2021743
2021942
2022272
2026055
2026435
2027686
2027440
2025590
2026090
2026479
2026020
2026796
2026643
2026864
2025864
2026374
2025930
2026016
2026376
2026541
2026228
2025758
2025928
2026211
2026042
2026116
2026266
2026355
2025816
2026266
2026572
2026443
2026362
2026634
2026719
2027135
2026950
2026713
2027420
2027512
2026270
2026592
2026492
2026454
2026952
2026023
2025821
2026626
2027325
2026752
2026449
2027190
2027246
2027439
2026722
2027098
2027105
2026972
2027419
2027593
2027465
2027002
2026733
2027110
2027336
2027478
2027042
2027492
2028070
2028567
2027158
2026116
2026514
2026868
2027322
2026274
2026189
2026173
2026073
2025876
2026949
2026955
2026412
2026524
2026178
2026307
2027146
2026488
2026461
2026350
2027235
2026580
2027381
2027198
2027242
2026776
