1022154
1475247
1474839
1475331
1475391
1475247
1474959
1475051
1475203
1474759
1477923
1478307
1478699
1478083
1477903
1478187
1478527
1478327
1478299
1477999
1478527
1478939
1478811
1478635
1478903
1478655
1478499
1478623
1478623
1479011
1478411
1478859
1479259
1479223
1478999
1478907
1479295
1479279
1479079
1478943
1478331
1478735
1478691
1478779
1478699
1478515
1478623
1478871
1478815
1479023
1478879
1478823
1478923
1478943
1479375
1479375
1478999
1479235
1478811
1479307
1478863
1479563
1479427
1479259
1479535
1479819
1479787
1479179
1478959
1479307
1479107
1479147
1478807
1479107
1479303
1479227
1479555
1479383
1478955
1479219
1478539
1478627
1478879
1479159
1478755
1478711
1478799
1479235
1479351
1479299
1479031
1479007
1478659
1478799
1479479
1479187
1478987
1478539
1479167
1478775
