833917
1711878
1712138
1711742
1711646
1711318
1711622
1712070
1712394
1717086
1715506
1715290
1715610
1715686
1716306
1716602
1716806
1717266
1717290
1717446
1716978
1716858
1716990
1717050
1717046
1717246
1717206
1716738
1716906
1717518
1717142
1717254
1716998
1717566
1717790
1716870
1717102
1716578
1717114
1715994
1716242
1716846
1717590
1717082
1717278
1716682
1717610
1717422
1717238
1717326
1716610
1716630
1716782
1716418
1716526
1716362
1716314
1715706
1716590
1715834
1716198
1717078
1717486
1717122
1717474
1716718
1716346
1716486
1716550
1717046
1717074
1717262
1717242
1716786
1717018
1716966
1716866
1717474
1717586
1717494
1717718
1717162
1717710
1716790
1716966
1717370
1717658
1717594
1717110
1716686
1716350
1716830
1717258
1718090
1717962
1717222
1717970
1717374
1717582
1717642
