910178
1230815
1230539
1230927
1230627
1231047
1230699
1230775
1230527
1230703
1230871
1230871
1232895
1232783
1233027
1233515
1233111
1232623
1232659
1232903
1232591
1232983
1233279
1233555
1233047
1232947
1233207
1233535
1233047
1233071
1233267
1233515
1233239
1233183
1233675
1233367
1233367
1233055
1233439
1233167
1233295
1233407
1233491
1233179
1233771
1233775
1233239
1233407
1233115
1233247
1233083
1232791
1232779
1233079
1233175
1233219
1233367
1233199
1233331
1233431
1233379
1233011
1233335
1233171
1233327
1233475
1233303
1233703
1233355
1233419
1233435
1233091
1233027
1232979
1233167
1232851
1232799
1232531
1233039
1233087
1233223
1233055
1232527
1232683
1233611
1232847
1232191
1232887
1233087
1232963
1232563
1232587
1232819
1232607
1232363
1232135
1233099
1233131
1233107
1232691
