567139
3217827
3217629
3218018
3219448
3225364
3224835
3225538
3224974
3226507
3226676
3224972
3223899
3224919
3224970
3225749
3224612
3225708
3226125
3225538
3226039
3224764
3226058
3225723
3225112
3225453
3226072
3225674
3225072
3223559
3225061
3224326
3224503
3223679
3224604
3225210
3224644
3224487
3224551
3225750
3224859
3224587
3226395
3226769
3225824
3224522
3223919
3224966
3224096
3224031
3225091
3225802
3225162
3226548
3226585
3224928
3223951
3225680
3225382
3225165
3225899
3225275
3224573
3225764
3223474
3223924
3223688
3225435
3224791
3225570
3224477
3225227
3223910
3223555
3225735
3225779
3225073
3225231
3225311
3224277
3224058
3225532
3225498
3226355
3226180
3226535
3224728
3224727
3224762
3224143
3224803
3223610
3223503
3224267
3224003
3224525
3224347
3225055
3224840
3225560
