747330
207580
726838
726494
726554
726874
726822
726666
726654
726566
726878
726738
726782
726438
726378
726466
726474
726346
726638
726334
726542
728658
728114
728322
728382
728362
728302
728114
728266
728370
728278
728486
728398
728098
727838
728154
728078
728006
727894
728026
728034
727786
728130
728066
728166
728202
728114
728402
728210
728238
728230
728250
728262
728150
728114
728234
728082
728190
728038
728326
728290
728150
728166
728042
728182
728146
728278
728430
728290
728446
728342
728334
728082
728402
728762
728454
728294
728174
728190
728154
728198
728374
728382
728434
728374
728258
728154
727806
728038
727970
727862
727874
728102
728214
728230
728322
728350
728314
728302
728150
