495380
76041
475634
475706
475842
475950
475906
475742
475818
475970
476006
476022
475814
475878
476050
475998
475830
475802
475866
476042
476006
475950
476002
476038
476086
475934
475790
475862
475906
475966
476102
477730
477206
477178
477254
477118
477102
477214
477190
477066
477114
477262
477266
477142
477186
476970
476822
476658
476698
476814
476890
476898
476866
476962
477038
477066
476942
477042
477154
477010
477002
476970
477090
477042
477110
476942
476882
476898
476986
476726
476594
476530
476754
476850
477014
477094
476970
476870
476842
477074
477034
477054
477086
477070
476998
476962
477018
477322
477142
477122
477102
477130
477102
477114
476978
477022
477078
477054
477186
477170
