915037
3743729
3743085
3743783
3752323
3753388
3752611
3753259
3753151
3751975
3752968
3752641
3754074
3754707
3752732
3752019
3751676
3751137
3750878
3752951
3752988
3751920
3752491
3752679
3753617
3752388
3751820
3752512
3753496
3753705
3753026
3753336
3753520
3753545
3753343
3754321
3754440
3754141
3753550
3753192
3753516
3754495
3752492
3752433
3752936
3752801
3751575
3752769
3753268
3752748
3754250
3753925
3754907
3753816
3753900
3753395
3753480
3753428
3753921
3755015
3752298
3753505
3752295
3751921
3752279
3754310
3753764
3753736
3753965
3755405
3754945
3756315
3755926
3755082
3754801
3753632
3755018
3754574
3755092
3755169
3754666
3754354
3755125
3754574
3755701
3756487
3756154
3756321
3756132
3753933
3754548
3755321
3755811
3756555
3755527
3754842
3756698
3756037
3756733
3758969
