1110203
4009723
4009312
4011408
4016826
4016223
4019259
4017490
4017503
4019159
4018859
4018137
4018773
4018246
4018558
4017813
4017162
4018078
4017404
4018387
4018508
4017512
4018710
4018386
4017533
4018354
4017074
4016860
4018402
4018939
4018646
4018703
4017102
4019681
4019062
4019583
4016883
4018213
4020110
4018343
4017915
4020289
4020241
4021008
4019279
4019874
4019895
4020020
4020964
4019340
4018430
4017716
4019164
4017818
4017632
4018584
4019404
4019793
4020025
4018792
4018047
4019633
4019569
4018552
4018052
4017448
4017509
4018035
4020743
4019956
4019365
4018763
4020740
4020320
4019261
4019574
4018958
4018950
4019830
4019829
4018717
4018375
4020107
4019050
4018587
4019641
4019852
4019164
4018638
4018859
4019878
4020664
4018816
4019072
4018851
4019163
4019774
4019893
4020200
4018599
