754242
3765115
3764147
3766603
3772767
3772108
3773098
3773361
3774230
3773297
3774743
3775910
3775666
3775414
3775092
3774099
3775357
3774690
3772200
3773100
3772446
3773023
3775491
3775200
3775014
3774862
3773528
3771465
3772632
3772686
3773982
3773803
3773539
3772236
3774026
3771985
3773163
3772394
3773292
3772773
3773179
3772158
3772015
3774195
3775029
3774211
3774190
3772490
3772445
3772008
3771754
3773337
3773292
3772849
3772072
3772935
3772699
3773229
3773103
3773582
3772334
3772413
3774269
3774461
3773728
3774138
3772428
3771484
3772622
3773150
3772786
3771555
3771867
3773336
3771624
3772469
3774077
3773218
3773366
3773194
3774753
3772368
3772602
3773701
3774621
3773355
3772912
3771709
3772590
3773029
3773762
3772264
3771160
3770816
3772364
3772354
3772826
3771431
3771645
3770969
