578023
1214164
1214392
1214572
1214684
1214832
1214220
1214296
1214200
1214856
1214108
1213992
1216332
1216984
1216636
1216292
1216680
1216608
1216824
1216484
1216680
1216792
1217020
1216988
1216704
1216468
1216748
1216916
1216916
1216796
1217152
1216536
1216416
1217060
1217236
1217252
1217320
1217372
1217208
1217152
1216828
1216788
1216436
1216688
1216852
1217104
1217328
1217472
1217196
1217176
1217056
1217212
1217068
1217380
1217496
1217400
1216996
1216976
1216836
1216508
1216904
1216564
1216392
1216716
1216544
1216496
1216712
1216288
1216620
1216780
1216648
1216612
1216388
1216472
1216648
1216092
1215864
1216160
1216288
1216416
1216344
1216348
1216560
1216624
1216828
1216668
1216416
1216836
1216180
1216116
1215784
1216112
1216324
1216140
1215900
1215836
1216092
1216284
1216204
1216352
