574724
2502937
2503060
2502835
2502540
2502733
2508399
2507861
2509001
2508217
2508117
2508295
2507784
2507908
2508586
2508965
2509496
2509449
2509101
2508505
2508187
2508371
2509206
2508734
2508468
2508905
2509305
2508494
2508430
2508425
2508629
2508938
2508607
2508362
2508885
2509355
2509366
2509429
2509906
2509614
2510234
2510531
2510110
2509268
2509824
2510415
2510157
2510806
2511098
2511139
2510215
2510311
2510971
2510356
2509303
2510066
2510289
2510222
2509770
2509843
2509443
2510382
2510286
2510384
2509462
2509037
2509222
2509108
2509379
2509553
2508592
2509761
2509277
2508092
2507405
2508060
2509638
2508787
2509170
2509015
2510017
2510386
2510352
2510574
2509342
2509237
2509746
2510391
2509378
2508745
2509633
2509714
2509473
2508253
2508157
2508615
2509149
2508622
2508836
2508678
