741235
2229801
2229488
2228480
2229160
2228747
2231448
2235213
2235237
2234727
2234611
2234999
2235315
2235124
2234958
2234621
2234955
2234767
2235125
2234648
2234499
2235852
2234535
2234996
2235333
2235183
2234953
2234232
2234135
2234175
2234699
2234904
2234464
2234015
2233642
2234367
2235405
2234997
2235431
2234464
2234111
2234629
2234608
2234363
2234206
2234523
2234949
2235103
2235197
2235027
2234095
2233544
2234495
2234573
2233911
2234555
2233691
2234367
2234419
2234269
2234865
2234591
2234191
2233654
2233287
2234073
2234370
2234337
2234715
2234798
2234890
2234315
2234344
2234812
2234587
2234613
2234539
2234795
2234462
2235444
2236709
2236660
2235132
2235656
2235367
2235644
2235519
2235308
2235201
2235371
2234864
2235347
2236164
2235364
2235522
2235583
2234980
2234614
2235245
2234883
