746384
379226
740058
739810
739606
739834
739638
739654
739682
739462
739318
739234
739178
739374
739398
739450
739642
739458
739626
739602
739470
741990
741610
741690
741250
741486
741546
741594
741650
741522
741874
741782
741698
741562
741478
741590
741498
741706
741906
742134
741910
741802
741866
741518
741674
741762
741450
741186
741498
741418
741398
741510
741382
741446
741630
741446
741350
741434
741434
741518
741350
741522
741414
741466
741362
741358
741378
741362
741450
741334
741254
741326
741318
741338
741454
741666
741846
741870
741942
741906
742010
741858
741730
741790
741962
741914
741862
741982
742002
742082
742142
742166
742210
741922
741926
742058
742086
742110
742062
742142
