243677
241594
49552
241602
241574
241598
241594
241686
241654
241682
241610
241470
241590
241562
241478
241582
241506
241514
241498
241530
241570
241486
241566
241486
241594
241638
241646
241638
241614
241582
241606
241578
241618
241570
241534
241550
241514
241526
241534
241494
241586
241622
241606
241534
241534
241582
241534
241518
241342
241430
241522
241598
241594
241546
241514
241558
241606
241554
241510
241546
241570
241602
241546
243258
242166
242198
242182
242090
242042
242002
241982
242034
242130
242202
242202
242266
242166
242234
242330
242306
242226
242206
242202
242202
242226
242190
242302
242246
242310
242246
242230
242134
242206
242134
242198
242118
242182
242154
242250
242198
