496546
362909
478666
478834
478938
478914
478842
478746
478850
478802
478870
478846
478814
478890
478954
478946
478938
478786
478678
478858
478870
479046
479082
479130
479078
479190
479106
479074
479250
479046
478930
481106
480138
480066
480054
480118
480290
480322
480326
480150
480026
479810
479638
479646
479718
479722
479758
479578
479686
479710
479598
479822
479726
479726
479898
480090
479778
479886
479866
479830
479830
479730
479762
479914
479890
479930
479822
480042
479954
479870
479638
479742
480010
479910
479770
479534
479610
479750
479586
479578
479758
479810
479570
479722
479798
479650
479550
479646
479814
479786
479762
479714
479622
479602
479626
479698
479706
479938
479898
479714
