773936
1478587
1478843
1478866
1477996
1477854
1478611
1478630
1478124
1477685
1482241
1480886
1480742
1481190
1481433
1481965
1481455
1480704
1480876
1481247
1480903
1481585
1482138
1481728
1481622
1481487
1481590
1481725
1481743
1481306
1480785
1481165
1480528
1481071
1481198
1481039
1481459
1480794
1481296
1481623
1481226
1481297
1480914
1481378
1480986
1481010
1481449
1481817
1481649
1481604
1481229
1480784
1480946
1481146
1481468
1482004
1481269
1481354
1480821
1481270
1481805
1481766
1481596
1481787
1480951
1481143
1481394
1481617
1481396
1481666
1481966
1481824
1481843
1482071
1481702
1481825
1482290
1481849
1481985
1481160
1481445
1481677
1481875
1481992
1482049
1482321
1482890
1482041
1481916
1482070
1481430
1481717
1481737
1482305
1482354
1482123
1481808
1482061
1482506
1482142
