695036
2475375
2475500
2476257
2477132
2476410
2481244
2480641
2481088
2480346
2479845
2478995
2480283
2480753
2480397
2480825
2479694
2478849
2479667
2479219
2480373
2480786
2480630
2481168
2480885
2481331
2480717
2480802
2479114
2480219
2479342
2480378
2480872
2480402
2480853
2480817
2481185
2481280
2481490
2482366
2481430
2481657
2482251
2483232
2482157
2482202
2481529
2480885
2480472
2480366
2480702
2480432
2480429
2480181
2481375
2481195
2480852
2480852
2481285
2480657
2480603
2480659
2480768
2480472
2480868
2480670
2480526
2480158
2480991
2480727
2479527
2480795
2481000
2481092
2480187
2480394
2480889
2482277
2481335
2480246
2480241
2481098
2480717
2480832
2480935
2481573
2480868
2480869
2480800
2481233
2481728
2481516
2481087
2481700
2481190
2481255
2480787
2480443
2480311
2479848
