1097891
2738404
2739004
2739793
2740561
2744306
2746320
2745967
2746313
2746193
2745761
2746195
2746820
2745568
2745216
2744980
2746099
2745470
2746774
2746391
2745892
2745813
2745313
2745479
2746230
2746367
2746472
2748459
2747987
2747223
2747322
2746849
2747887
2746595
2745920
2745402
2745226
2745783
2745985
2744325
2744976
2745690
2745085
2744922
2745537
2746915
2745486
2745622
2746243
2745938
2745128
2745260
2745551
2745682
2745876
2745847
2745684
2746346
2746493
2746123
2746954
2745841
2744836
2744420
2744733
2744889
2746342
2747436
2746837
2746259
2745183
2745344
2746698
2746953
2746488
2745782
2745854
2746360
2746927
2746988
2746550
2745710
2745638
2746654
2746952
2747203
2748110
2747247
2746519
2746244
2745146
2745534
2744823
2745179
2746671
2746263
2746058
2747693
2747195
2746675
