1009003
3749552
3750690
3750970
3761073
3762084
3760365
3759490
3757936
3759761
3760800
3759522
3762034
3759084
3759470
3759715
3759334
3760548
3759876
3759939
3760874
3761583
3760895
3760388
3761757
3760845
3759394
3759366
3760349
3761047
3761364
3761652
3760262
3761185
3761547
3761597
3762266
3761902
3762017
3761520
3761201
3760519
3760322
3761775
3761242
3761651
3761966
3762102
3761881
3761557
3760089
3759536
3761201
3762533
3762242
3761525
3761749
3761540
3761818
3761313
3761281
3760532
3761166
3761277
3761309
3760806
3759837
3760193
3760515
3761004
3762277
3762981
3760722
3760802
3761633
3761157
3761822
3762181
3761754
3760933
3760324
3759539
3760568
3760477
3761888
3761830
3761151
3759839
3759147
3759787
3759991
3760804
3761585
3761388
3759869
3759862
3761596
3761212
3761974
3761844
