997574
53994
985334
985530
985502
985602
985502
985686
985782
985718
985254
985006
984850
985350
984910
986570
987134
987278
987066
987334
987174
987282
987470
987682
987866
987638
987434
987674
987478
987394
987506
987866
987710
987458
987574
987358
987362
987014
986882
986926
987522
987370
986978
987406
987530
987522
987606
987358
987570
987586
987146
987738
987834
987578
987274
987458
987282
987346
987566
987710
987602
987706
987738
987930
987830
987894
988086
988098
988022
987982
987794
988050
987994
987646
987482
987670
987518
987938
987490
987586
987386
987370
987858
988206
987906
987706
987686
987362
987018
987278
987458
987302
987186
987138
987426
987690
987550
987634
987474
987742
