56255
61809
61805
61809
61797
61789
61793
61805
61809
61793
61789
61789
56036
61809
61809
61805
61805
61821
61809
61817
61837
61805
61817
61821
61821
61813
61789
61797
61801
61797
61801
61805
61797
61789
61805
61797
61797
61793
61781
61785
61777
61769
61773
61761
61785
61781
61761
61745
61745
61757
61781
61793
61773
61765
61805
61797
61769
61745
61781
61781
61781
61797
61789
61801
61785
61797
61821
61809
61805
61801
61785
61789
61789
61789
61785
61777
61785
61785
61801
61801
61801
61813
61785
61785
61793
61785
61785
61773
61769
61789
61773
61773
61785
61793
61781
61797
61809
61809
61801
61809
