244909
246398
246474
246502
235662
246518
246514
246522
246498
246546
246550
246530
246526
246470
246438
246374
246442
246462
246458
246458
246410
246414
246398
246458
246470
246446
246394
246454
246442
246386
246366
246374
246406
246422
246350
246314
246366
246402
246426
246470
246410
246422
246426
246482
246478
246546
246570
246606
246602
246602
246570
246586
246646
246526
246542
246442
246514
246558
246666
246674
246666
246542
246546
248530
247110
247114
247162
247198
247142
247098
247026
247082
247070
247098
247134
247146
247178
247074
247086
247002
247070
247054
246994
247118
247046
247030
247006
246962
246926
246922
247010
247042
247114
247146
247082
247162
247138
247090
247054
247122
