422783
3743222
3742316
3743754
3753091
3752072
3752345
3753571
3752334
3752241
3752389
3751573
3751197
3752422
3752433
3754498
3754150
3754665
3753746
3752706
3751560
3752115
3753057
3752595
3753711
3753261
3752924
3752794
3753294
3752317
3752683
3752787
3752813
3752568
3753178
3753783
3752249
3753674
3754639
3753286
3751700
3752015
3752176
3751253
3751088
3751004
3750948
3754142
3753966
3754052
3752214
3752933
3753870
3753464
3753160
3752685
3752415
3750884
3751561
3752834
3752084
3753300
3754567
3754024
3753839
3753274
3754164
3753663
3752769
3752448
3754365
3754088
3754404
3753283
3754780
3754708
3753071
3753795
3753084
3752743
3753300
3753585
3753727
3752574
3751576
3752112
3752171
3753729
3752683
3752675
3752971
3752472
3753309
3752768
3752724
3753155
3752775
3751395
3752120
3752299
