495936
487778
127838
487754
487910
487938
487886
487694
487594
487670
487742
487702
487842
487854
487814
487714
487706
487738
487706
487678
487726
487718
487718
487646
487646
487530
487594
487610
487806
487794
487810
489318
488854
488506
488650
488898
488710
488690
488614
488674
488582
488550
488674
488722
488802
488790
488754
488742
488738
488594
488658
488630
488814
488790
488834
488758
488850
488742
488854
488882
488714
488974
488826
488950
489014
488902
488854
489046
489042
489046
489018
488946
488970
488962
488914
488958
488794
488914
488882
488906
488986
489070
489006
488890
489014
489138
489110
489206
489026
489046
488906
488926
489062
489190
489110
489038
489194
488942
488858
488962
