737550
1735429
1736564
1735559
1735454
1735183
1735308
1735370
1737654
1739816
1739152
1739196
1739050
1739512
1739432
1739395
1739719
1739637
1739699
1740274
1740254
1740277
1740080
1740324
1739984
1740039
1739914
1739860
1740028
1739600
1739991
1740112
1740185
1740009
1739695
1740455
1739191
1739206
1740364
1739594
1739661
1739490
1739844
1739617
1739191
1739984
1740045
1739337
1739590
1739215
1739406
1740094
1739360
1738883
1738972
1739421
1739343
1739698
1739680
1739461
1739798
1740032
1739876
1739630
1739760
1739848
1739332
1739948
1739704
1740324
1740376
1739978
1740337
1740708
1740069
1740037
1740146
1740508
1740137
1740428
1740915
1740560
1740039
1739920
1739788
1740240
1740354
1739876
1739607
1739691
1740405
1740702
1740200
1739451
1739404
1740208
1739720
1739909
1740304
1739580
