731047
3990452
3990849
3993261
4000399
3999693
4000011
4001209
4001050
4000654
3999380
4000635
4000327
3998858
3999563
3998921
3998488
3997988
4000509
3999648
3999821
3999887
3999628
4001017
4000915
3999323
3999599
3999564
3999214
3999651
4001587
4001225
4000062
4000477
3999935
4000286
4001022
4000492
3998863
4000020
3998591
3999249
3999138
3999056
3999958
4000883
4001358
4000747
4000665
4001573
4002978
4002397
4001344
4000688
4000849
4001835
4002890
4001130
4001431
3999805
4000649
3999765
4001499
4001101
4001058
4001999
4001140
4001979
4000823
4001248
4001983
4003685
4003036
4004019
4004479
4003453
4003177
4003596
4003179
4001885
4001894
4003092
4000853
4001509
4001883
4001177
4001008
4001183
4002711
4003992
4003165
4004229
4003838
4002819
4004116
4002665
4003612
4003471
4002771
4003788
