797041
2747575
2747284
2747012
2747622
2752361
2753488
2753495
2753083
2753157
2752914
2753152
2753695
2754079
2753116
2754344
2754011
2753987
2752498
2752882
2754062
2754392
2753343
2752193
2752778
2753906
2754881
2753860
2753374
2753383
2753793
2754019
2753744
2751658
2752786
2753576
2754908
2754461
2753823
2754078
2754471
2754996
2754600
2754355
2754339
2754811
2754407
2755359
2754863
2754911
2754639
2755037
2754781
2753802
2755201
2754381
2753783
2753568
2753482
2753058
2754329
2753971
2753711
2754815
2753753
2753979
2754179
2755191
2754653
2754408
2753902
2754115
2754075
2755183
2753724
2752892
2753000
2753042
2753826
2753742
2753430
2753594
2754036
2754075
2753943
2752943
2753281
2752694
2753283
2753542
2752921
2752943
2753204
2754459
2754443
2754293
2754052
2754018
2754152
2753625
