600899
2780561
2781229
2781296
2780441
2785137
2786196
2786664
2786909
2787421
2788266
2788355
2787812
2788603
2787957
2787435
2787802
2787817
2787967
2787563
2788568
2788142
2787433
2787368
2787359
2786654
2786808
2786800
2786598
2787021
2787548
2787130
2786964
2787193
2787331
2787675
2788734
2788236
2789029
2788595
2787723
2788079
2786915
2787672
2787608
2787210
2787481
2788095
2786403
2786433
2788660
2788605
2788233
2788603
2788533
2787837
2787416
2788438
2788203
2788643
2787894
2787595
2787590
2788290
2787162
2786806
2787309
2787675
2787930
2787827
2787254
2788897
2787879
2788178
2788020
2787840
2787739
2788412
2787148
2786740
2788019
2787573
2786959
2788518
2787415
2786859
2786612
2786743
2787793
2788530
2788718
2788564
2788704
2787926
2788351
2788702
2788960
2789043
2787761
2786934
