597033
3500757
3499574
3500300
3505996
3507037
3507379
3506977
3506669
3506307
3506733
3506913
3507162
3506940
3508048
3507438
3507863
3507794
3508648
3509422
3509109
3507259
3506422
3506913
3508663
3506735
3506711
3505895
3507255
3507415
3508278
3508099
3507274
3507646
3508870
3509323
3507625
3509358
3507982
3508534
3508579
3507140
3507130
3508071
3508316
3507417
3506836
3506030
3506712
3507607
3507392
3505950
3508563
3509117
3508375
3508176
3507405
3507882
3509268
3508996
3507647
3507907
3508133
3507176
3507311
3507558
3509127
3509254
3509600
3509858
3509822
3509594
3510055
3509641
3509740
3510296
3509638
3509528
3510853
3509067
3510000
3509594
3509204
3510982
3509762
3508733
3509801
3509201
3508538
3508444
3508689
3510364
3510262
3509605
3509622
3509362
3509951
3509350
3508539
3508915
