766509
3512670
3512214
3512746
3519173
3521429
3521561
3521628
3520119
3520217
3521443
3521749
3520513
3520743
3518852
3520764
3520892
3520477
3520237
3519587
3520504
3520109
3520322
3519984
3520124
3521007
3521509
3520941
3519429
3519108
3519823
3520913
3520337
3519982
3520602
3520878
3520586
3520071
3520303
3519703
3520239
3521147
3521145
3520480
3520155
3520458
3519451
3520805
3519454
3518886
3520158
3520704
3520635
3520632
3522713
3521473
3521757
3521874
3522140
3522193
3520659
3521288
3521937
3520924
3521820
3521910
3521091
3519919
3520574
3520752
3522529
3521226
3520588
3520300
3520726
3520466
3519906
3521848
3520899
3521102
3521449
3521655
3520355
3520400
3519647
3520449
3520036
3520208
3520080
3520000
3521362
3520524
3521685
3521857
3519976
3519595
3519723
3521489
3521172
3519706
