245249
244182
244202
244138
244162
244134
244214
244246
244218
244078
244130
244202
244150
244250
244254
244254
244226
244306
244258
244278
244194
244162
244114
244218
244230
244118
244174
244146
244282
244166
244178
244186
244198
244298
244226
244178
244254
244262
244174
244182
244162
244202
244158
244022
244078
244090
244158
244158
244178
244206
244190
244142
244110
244210
244190
244162
244182
244194
244262
244238
244250
244150
244158
245706
244874
244862
244814
244846
244850
244778
244742
244814
244818
244850
244850
244794
244826
244746
244794
244778
244794
244718
244834
244846
244866
244758
244802
244770
244830
244766
244762
244686
244778
244810
244822
244798
244890
244878
244802
244794
