957035
2765072
2764385
2763651
2763335
2769261
2770073
2769689
2769036
2769073
2769796
2770150
2769374
2769795
2769510
2769199
2768802
2768921
2768937
2769473
2770714
2770719
2771021
2770722
2769765
2769880
2768942
2768821
2769583
2768656
2768842
2769379
2769537
2769804
2770090
2770389
2770519
2770402
2770375
2771123
2770773
2770363
2770295
2769682
2769379
2768413
2768386
2768180
2768436
2767564
2767946
2767384
2768442
2767929
2767659
2768737
2767507
2768277
2767713
2769125
2768528
2768341
2767129
2768216
2768464
2767407
2766903
2767276
2767161
2767411
2768102
2768151
2769100
2768532
2768419
2767941
2767074
2767891
2768292
2768889
2768060
2768527
2767115
2767263
2766842
2767886
2768988
2769380
2767820
2767890
2768425
2768222
2768912
2768796
2768712
2769166
2768378
2768057
2768453
2768045
