758775
3771943
3773092
3773246
3783348
3787600
3788216
3788960
3788961
3787927
3788226
3790292
3787681
3787817
3787825
3787741
3789385
3788837
3787298
3788446
3788806
3789903
3787933
3788149
3787790
3787280
3787890
3787307
3788835
3788278
3789092
3787325
3788569
3789311
3788605
3789075
3789745
3789379
3788971
3789983
3789865
3790019
3789541
3789357
3789275
3789006
3788728
3789252
3789130
3788914
3788044
3789510
3787337
3787125
3789168
3789605
3789301
3788674
3788601
3789686
3789668
3789773
3788792
3789350
3789965
3789650
3789179
3787651
3788193
3789927
3788960
3787458
3789255
3789600
3788418
3788874
3786965
3787639
3786657
3788613
3787415
3788756
3789276
3788909
3788241
3787796
3788852
3790576
3788222
3787895
3788993
3789793
3790151
3788808
3789185
3787620
3788231
3788841
3787632
3789130
