828094
2471462
2471034
2471196
2470685
2471554
2478151
2477864
2478484
2477806
2476928
2476176
2476484
2476315
2475960
2476486
2476193
2476405
2476535
2476962
2476088
2475582
2475156
2476108
2477190
2475582
2475927
2476023
2475326
2476114
2474270
2475122
2475627
2474637
2474522
2474291
2475586
2475236
2476822
2476282
2475569
2474887
2475447
2475084
2475617
2475315
2475957
2475990
2476053
2476374
2475683
2475845
2475894
2476007
2475876
2475763
2476648
2475675
2475629
2475793
2477050
2476706
2475402
2476268
2476168
2476282
2476542
2476977
2476543
2476263
2476999
2476841
2476527
2475841
2475539
2474888
2474161
2475118
2475826
2475995
2476308
2477258
2477456
2476439
2475842
2475456
2475991
2475964
2476902
2476148
2475888
2477729
2476959
2476321
2476590
2477287
2477577
2476419
2477949
2477323
