56603
60662
60650
60662
60662
60678
60674
60702
60690
60706
60686
3676
60658
60670
60666
60658
60662
60690
60678
60670
60682
60694
60690
60682
60686
60678
60674
60658
60666
60670
60666
60678
60694
60694
60718
60714
60698
60694
60702
60702
60710
60698
60702
60710
60730
60694
60674
60682
60682
60682
60682
60698
60698
60682
60682
60694
60694
60682
60702
60694
60694
60686
60690
60690
60674
60678
60702
60670
60658
60678
60690
60690
60686
60694
60686
60694
60698
60682
60682
60698
60698
60694
60698
60690
60694
60682
60698
60690
60690
60670
60670
60674
60658
60650
60658
60670
60678
60682
60686
60710
