1152856
2266947
2266783
2267227
2266891
2267847
2269871
2272563
2273279
2273511
2272899
2273191
2272759
2272651
2272627
2273435
2272755
2273835
2272811
2273739
2273843
2274055
2273663
2274007
2274323
2274171
2273903
2272867
2273799
2273419
2272379
2272803
2273335
2273847
2273707
2273531
2274307
2274383
2274371
2274443
2274015
2274659
2275543
2274439
2274767
2273995
2274103
2274671
2274311
2274755
2274267
2274515
2274435
2274095
2273651
2274119
2274847
2275047
2274755
2275795
2274731
2274987
2276063
2274611
2274359
2274687
2274623
2274431
2273947
2274515
2274591
2274179
2275351
2274799
2274035
2273631
2274287
2274359
2274551
2274907
2274775
2274007
2274427
2273047
2274011
2274171
2273611
2273727
2274435
2274543
2274879
2274443
2273855
2273323
2274159
2273671
2273543
2273819
2273407
2272499
