1129740
3274725
3274370
3275166
3278630
3282294
3281313
3281927
3281718
3281987
3282458
3282553
3283005
3282061
3282322
3281974
3282619
3283789
3282630
3282913
3281906
3283526
3283635
3283190
3282503
3283395
3283455
3283805
3282760
3282538
3283395
3282918
3282818
3283151
3283589
3283362
3284214
3283882
3283880
3283469
3282867
3281399
3282218
3282094
3284102
3283819
3283472
3283193
3284045
3282267
3283650
3283877
3283061
3283198
3283722
3284503
3284202
3283455
3282250
3284016
3283477
3282454
3283430
3283498
3283434
3284004
3284200
3283375
3282879
3281751
3282778
3282358
3283362
3282486
3282902
3282964
3281859
3281062
3281103
3281295
3282530
3282030
3281237
3281810
3282730
3283094
3282882
3283929
3284443
3284175
3283526
3282881
3282823
3281714
3281799
3281367
3281649
3283083
3282902
3283534
