244898
247242
247182
163048
247182
247250
247310
247326
247302
247334
247254
247202
247306
247306
247346
247306
247290
247322
247294
247290
247306
247294
247386
247350
247302
247270
247186
247170
247158
247110
247130
247090
247218
247222
247310
247314
247378
247342
247350
247330
247346
247250
247258
247134
247174
247154
247254
247262
247330
247358
247318
247318
247334
247370
247402
247334
247326
247326
247306
247342
247254
247346
247354
249238
247866
247854
247806
247778
247818
247754
247818
247866
247770
247754
247738
247726
247818
247806
247778
247794
247810
247770
247698
247746
247742
247786
247706
247778
247710
247722
247694
247730
247746
247762
247766
247730
247714
247690
247646
247682
