776622
2743279
2743686
2743877
2743305
2747703
2750143
2750463
2750843
2750390
2749525
2751022
2751014
2750834
2750591
2750334
2750937
2750087
2750482
2750779
2751443
2750727
2750039
2749840
2749932
2749789
2749996
2749769
2749328
2750412
2750859
2750580
2749496
2749689
2750477
2751005
2750609
2751269
2751441
2751385
2751474
2751546
2751131
2751623
2751377
2752407
2751305
2751022
2751090
2751631
2751775
2750090
2751117
2749451
2750102
2749105
2749181
2749814
2749786
2749806
2750210
2751305
2750982
2750163
2750161
2750013
2750313
2750023
2750373
2749576
2749579
2751021
2750750
2751306
2750898
2749897
2749759
2748338
2748536
2748972
2750289
2750555
2749785
2749777
2750545
2751214
2751549
2751057
2751051
2750284
2750357
2750989
2749854
2748955
2750065
2749929
2749645
2749793
2750017
2750588
