495352
493959
494035
494183
494091
493935
493919
493967
493883
494075
493975
494051
493959
493995
493955
493883
493831
493855
493971
493895
493847
493903
493863
493879
493771
493711
493775
493883
493707
493875
493867
495059
495023
495015
495031
494847
494907
494947
495187
495003
495047
495211
495231
495131
495079
495071
495091
495071
495139
495011
494955
494811
494847
494999
494975
495023
495159
494959
495015
495031
495035
494987
495167
495255
495299
495179
495223
495195
495175
495215
495391
495411
495391
495407
495279
495291
495247
495363
495491
495411
495335
495295
495363
495251
495523
495455
495407
495411
495339
495131
495027
495131
495135
495283
495283
495303
495023
495007
494887
495039
