1039186
2501468
2501386
2500733
2500784
2502161
2508116
2508102
2507398
2507272
2506800
2507015
2506784
2508112
2507584
2506600
2508417
2507646
2507680
2508442
2508601
2509136
2507803
2508037
2508682
2508104
2509124
2509229
2509304
2509371
2508798
2507975
2508274
2508564
2508215
2509536
2509117
2508401
2508371
2508493
2507827
2508659
2508976
2507837
2508027
2508594
2509029
2508783
2508636
2508202
2508722
2509474
2508830
2509430
2508382
2509216
2509220
2508555
2507375
2507484
2507982
2508137
2507647
2508579
2508168
2507616
2508207
2508186
2509156
2508306
2508957
2509126
2508310
2508002
2508676
2508751
2508479
2508459
2509636
2508186
2507813
2508810
2509143
2507726
2507464
2507489
2507244
2506520
2507071
2507339
2507202
2507297
2506334
2507472
2508140
2507645
2508120
2507377
2507428
2508365
