549701
1264242
1264062
1264434
1264530
1264146
1264022
1264414
1264350
1264234
1263838
1263626
1267306
1267118
1266990
1267222
1267394
1267074
1267454
1267226
1266782
1266722
1266814
1266454
1266594
1266602
1266690
1266986
1266914
1267218
1267682
1267330
1267542
1267430
1266894
1267518
1267310
1267074
1266958
1266958
1267314
1267246
1267350
1266790
1266950
1267402
1267546
1267286
1267138
1267314
1267658
1267766
1267730
1267826
1267590
1267646
1267718
1267386
1267206
1267698
1267338
1267230
1267470
1266926
1267022
1267490
1267370
1267446
1267750
1268122
1268038
1268030
1268154
1268294
1268230
1268042
1267758
1268206
1268434
1268282
1267778
1267638
1267286
1267842
1268026
1268282
1268690
1268326
1268078
1267714
1267902
1268034
1267966
1268114
1267818
1267406
1267358
1267890
1268026
1267778
