609244
1963395
1962507
1962583
1962515
1962767
1963675
1964831
1966995
1967703
1967703
1968335
1967707
1967575
1967959
1967555
1967719
1967635
1967935
1966755
1967419
1967491
1966891
1967815
1967567
1967531
1967231
1967375
1967695
1967427
1966439
1966863
1966483
1966771
1966527
1966779
1966215
1967035
1966479
1966283
1966523
1966079
1966451
1966099
1966819
1966643
1966499
1965571
1965155
1965439
1965619
1966043
1967031
1966483
1966779
1965855
1966351
1965775
1966231
1967015
1966939
1966811
1966091
1966439
1966563
1966247
1966447
1966515
1966631
1966687
1966427
1966635
1966627
1966679
1966595
1966811
1966283
1966207
1967463
1967199
1967527
1966811
1966095
1966559
1966439
1965987
1966151
1965943
1965323
1965647
1967359
1967507
1967543
1966711
1966747
1967099
1967467
1966899
1967151
1966791
