557360
3481374
3482442
3482665
3488736
3490881
3490559
3491010
3490568
3491018
3490582
3490476
3489604
3488924
3489897
3489489
3490760
3490266
3489922
3491854
3491983
3490749
3490247
3489980
3490662
3490441
3490328
3491857
3490820
3489578
3489777
3490638
3489345
3489400
3489185
3488464
3489473
3489007
3489506
3490046
3490753
3490100
3490030
3490201
3489928
3489417
3488603
3488459
3490526
3489130
3489168
3490805
3489338
3488917
3487751
3487624
3489184
3489395
3488943
3491472
3489165
3488152
3488565
3490554
3491798
3490218
3489823
3489709
3489373
3490968
3489754
3488952
3489657
3489694
3489756
3489370
3488920
3489854
3489980
3488886
3489018
3488586
3488614
3488177
3488657
3488764
3487979
3488383
3488799
3489680
3489331
3488863
3489741
3489403
3490056
3489957
3490236
3489959
3490175
3489935
