596798
966818
967026
967318
966946
967346
967258
967178
966710
967050
967062
967022
967142
967250
966970
968858
969178
969158
969242
969058
969274
969122
969082
969002
969198
969134
969214
969618
969486
969426
969254
969566
969574
969334
969326
969530
969418
969302
969126
969070
969094
969566
969482
969254
969394
969418
969634
969266
968926
969386
969434
969482
969610
969654
969574
969650
969654
969854
969814
969742
969694
970070
970170
970310
969678
969746
969678
969702
969670
969886
969926
969838
969658
969722
969906
970230
970146
970090
969950
970078
970262
969862
970042
970010
969694
969454
969710
969674
969498
969594
969782
969482
969542
969750
969814
969778
969882
969666
970238
969742
