1298579
1755879
1755828
1755583
1756102
1756176
1755465
1756005
1758102
1759519
1758772
1759929
1760451
1760209
1760685
1761148
1760309
1760135
1760327
1759986
1760215
1760371
1760647
1760438
1760464
1760095
1760200
1760055
1760043
1760537
1760290
1759731
1760403
1760544
1760306
1760518
1760616
1759379
1759241
1759634
1759499
1759397
1759851
1760423
1760327
1759884
1759735
1759445
1760223
1760569
1761168
1760914
1760924
1761109
1760813
1760560
1761264
1761186
1761297
1761464
1761557
1760892
1760889
1761058
1760610
1760840
1761295
1760876
1760846
1760211
1760158
1760337
1760544
1760616
1760417
1760263
1760598
1760027
1759993
1760430
1760030
1760502
1760709
1760076
1760314
1760617
1761113
1759594
1760137
1760323
1760381
1760402
1760960
1761139
1760167
1760785
1760480
1760237
1760312
1760106
