1106373
1225830
1225518
1225466
1225862
1225518
1225694
1225578
1225666
1225594
1225790
1226090
1228066
1228614
1229374
1229026
1228606
1228530
1228698
1228882
1229130
1229194
1228926
1229294
1228678
1228334
1228202
1227806
1228414
1228030
1228682
1228402
1228390
1228810
1229150
1228826
1228878
1228998
1229238
1229186
1229498
1229430
1229666
1229530
1229918
1229274
1228922
1229042
1228974
1229238
1229266
1229102
1228618
1228798
1228618
1228470
1228838
1229214
1229570
1229654
1229354
1229418
1229414
1229338
1229122
1228734
1229354
1228978
1228666
1229002
1229350
1229198
1229030
1229094
1229674
1229478
1228902
1229006
1229138
1228694
1228838
1228842
1228518
1228694
1228922
1228830
1228854
1228738
1228710
1228938
1229090
1228890
1229014
1228478
1228606
1228646
1228562
1228554
1228986
1229126
