1154164
1717682
1717878
1717482
1717782
1717438
1717330
1716770
1716986
1722058
1721130
1720682
1721318
1721186
1721438
1720974
1721126
1722130
1721902
1721850
1722002
1722594
1722294
1721570
1722006
1721858
1721826
1722430
1722054
1721138
1721350
1720910
1720674
1720670
1720574
1720970
1721410
1721726
1721662
1721794
1720986
1720574
1720914
1721554
1722030
1722010
1721942
1721554
1720630
1721342
1721618
1721922
1722262
1721870
1721482
1721810
1721226
1721218
1721594
1721718
1721382
1721662
1721786
1722142
1721278
1721894
1722282
1722478
1721782
1721058
1721214
1721894
1722230
1722202
1721910
1722238
1721742
1721958
1721638
1721554
1722518
1722294
1722214
1722058
1721758
1721694
1722130
1722226
1722278
1722038
1721618
1721826
1721418
1721430
1721342
1721014
1721038
1721214
1721510
1720978
