734811
4021547
4021631
4024190
4029576
4030245
4031125
4032033
4029016
4029689
4031125
4030241
4030883
4029234
4029773
4031955
4030783
4031442
4031154
4030973
4032236
4031565
4031532
4031665
4032122
4030299
4031546
4030534
4032498
4032725
4032669
4033522
4033384
4032828
4034434
4032262
4033770
4032254
4033642
4032147
4029497
4030194
4030943
4032166
4033419
4032330
4032444
4032203
4032823
4033902
4033191
4034433
4033772
4034267
4034316
4033362
4033995
4033325
4033631
4034704
4034977
4035874
4035672
4034441
4034616
4032451
4035273
4033785
4034311
4032313
4032434
4033097
4031564
4031529
4031294
4032500
4032050
4030756
4031994
4030936
4033257
4032105
4032491
4034434
4032798
4031987
4032241
4032509
4030660
4031687
4031693
4031587
4030641
4030924
4029719
4029870
4030522
4032607
4030789
4030314
