507020
1208830
1208654
1208918
1208818
1208434
1208230
1208362
1208322
1208326
1208358
1208350
1210458
1210858
1210550
1210850
1210978
1211274
1211242
1210666
1210526
1210818
1210750
1210890
1211090
1210578
1211406
1211214
1211206
1211398
1211402
1211138
1210982
1210782
1210310
1210470
1210266
1210470
1210506
1210166
1210258
1210478
1210394
1210786
1210514
1210558
1210614
1210598
1210518
1210266
1210458
1210362
1210198
1210426
1210518
1210182
1210042
1209938
1210078
1209842
1210270
1210202
1210062
1210166
1210274
1210554
1210390
1210414
1210598
1210282
1210026
1210398
1210394
1210382
1210646
1210718
1210822
1210962
1210478
1211006
1211274
1210638
1210206
1210198
1210454
1210570
1210190
1210378
1210390
1210634
1210458
1210306
1210266
1210246
1209914
1210218
1210786
1210966
1210946
1211166
