987813
2737712
2737838
2738380
2738977
2741256
2744094
2743904
2743302
2743518
2744108
2743850
2742292
2743174
2744815
2745719
2744432
2745035
2745261
2744170
2744240
2745030
2743605
2744494
2744219
2744471
2743844
2744274
2744222
2744171
2743150
2743638
2743976
2743744
2744850
2744766
2744186
2743425
2743898
2742972
2743070
2743340
2743753
2743934
2743832
2743862
2744206
2743630
2743966
2743055
2743116
2743694
2743764
2744262
2744130
2743674
2744178
2744430
2743819
2743950
2743797
2743887
2743002
2742698
2743902
2743106
2742923
2743622
2743734
2742918
2743434
2741915
2742965
2743328
2743662
2743678
2742424
2742533
2743312
2744181
2743862
2744050
2744809
2744854
2743887
2744042
2744563
2744266
2744822
2744758
2744102
2743226
2743484
2743192
2744083
2744549
2743759
2743458
2743050
2744202
