674429
1776000
1776136
1775913
1775842
1777171
1776848
1776385
1779636
1780510
1780192
1779474
1779617
1779833
1779726
1779997
1779407
1779478
1779644
1779732
1780178
1780590
1780376
1779593
1780073
1780858
1780930
1780595
1780602
1781028
1780873
1780794
1780455
1780583
1780188
1780449
1780094
1780542
1780231
1780016
1780521
1780710
1781102
1780883
1780290
1780536
1780142
1780565
1780505
1780052
1780695
1780799
1781024
1780921
1780843
1780419
1780357
1780777
1780366
1779992
1780047
1779630
1779757
1780557
1780213
1780642
1779998
1779194
1778682
1779776
1779769
1779882
1780266
1780286
1780127
1780389
1780354
1780767
1780305
1780358
1780807
1781014
1780511
1780970
1781100
1780506
1780382
1780006
1780416
1780108
1780200
1780188
1779897
1779886
1780097
1779565
1779327
1779970
1780266
1780202
