780202
1995390
1996346
1996273
1996510
1996533
1996666
1998602
2000337
1999857
2001167
2001369
2000583
2000543
2000199
2000102
2000239
2000199
1999939
2000838
2001089
2001628
2000812
2000995
2001097
2000698
2000786
2001255
1999518
1999485
1999980
2000921
2000461
2000671
1999855
1998967
1999569
2000061
2000561
2000129
2000055
2001030
2000410
2000051
2000174
2000543
2001182
2002157
2001350
2001700
2001132
2001564
2002251
2001089
2001652
2001488
2001272
2001840
2001285
2000995
2001081
2000947
2000635
2000751
2001381
2001779
2001258
2001066
2000818
2000549
2000517
2000661
2000367
2000207
2000815
2001067
2000575
2001319
2001260
2001503
2001628
2001589
2001551
2001556
2001809
2001678
2001876
2001283
2001215
2002009
2001108
2000147
2000283
2001093
2001252
2001600
2001474
2001013
2000670
2000221
