889447
1973873
1974435
1974356
1973595
1973964
1974451
1977192
1978332
1978298
1978017
1979168
1979316
1979407
1979080
1979260
1978412
1977432
1978142
1978208
1978592
1978080
1978745
1978764
1978232
1978346
1978498
1977632
1979548
1979388
1979225
1979095
1979206
1978728
1979440
1979228
1979427
1979008
1978776
1978427
1978904
1979295
1978980
1978791
1978443
1978820
1979308
1978684
1978222
1978313
1978518
1978002
1977880
1978324
1978312
1978648
1978851
1978437
1978478
1978036
1978251
1978020
1977851
1978798
1978991
1979037
1979647
1978400
1978803
1978192
1978648
1978648
1978863
1978539
1979225
1979066
1978762
1979147
1979224
1979379
1979093
1978944
1978784
1978832
1978753
1978712
1978597
1978907
1978931
1978732
1978667
1978079
1978382
1978497
1978339
1978947
1978928
1979076
1978225
1978445
