734658
1982279
1981711
1982044
1982690
1983078
1983487
1986243
1987792
1987734
1987142
1987402
1987152
1987034
1986534
1986451
1986818
1987299
1986979
1986918
1987180
1987494
1986814
1986887
1986918
1986183
1987115
1986218
1986410
1986334
1985922
1985683
1986007
1985754
1985550
1986184
1986074
1986206
1986310
1986615
1986467
1986578
1986259
1986419
1986719
1986606
1986240
1986802
1987124
1986972
1986582
1986514
1987143
1986391
1987170
1987946
1986662
1987665
1987062
1987051
1986074
1986830
1986463
1986827
1986553
1987302
1987075
1986530
1987242
1986965
1986595
1986643
1987362
1987116
1987232
1986126
1985975
1986683
1986376
1986552
1987302
1987286
1987318
1987540
1986918
1987822
1988020
1987122
1986490
1986510
1986715
1986643
1987830
1987302
1987132
1987654
1987658
1988034
1987109
1987380
