830576
2764079
2763830
2764046
2764282
2768160
2770233
2771532
2771854
2770915
2772451
2772443
2771431
2770748
2771006
2771408
2771347
2771127
2770465
2770962
2770695
2770436
2770319
2771047
2770164
2770767
2770260
2770942
2770462
2770360
2770432
2770628
2770737
2770466
2769588
2770624
2770643
2770479
2771401
2770825
2770298
2771466
2770362
2771964
2773152
2771083
2772176
2772823
2771291
2769958
2771931
2771336
2771587
2772232
2770665
2771216
2771656
2771865
2771867
2770645
2769554
2770678
2770047
2770670
2770918
2770086
2770938
2771868
2769884
2770212
2769126
2770559
2771259
2771271
2771086
2771719
2772672
2772084
2771852
2770741
2771149
2771640
2771907
2772102
2771996
2770852
2771518
2772721
2772405
2771138
2771661
2772161
2771250
2771131
2771691
2770918
2771179
2769825
2769659
2769911
