597840
722582
722574
722778
722674
722942
722634
722446
722762
723046
722930
722950
723138
723050
723030
722830
722950
723122
723162
722870
722774
724826
724246
724370
724462
724466
724274
724078
724278
724434
724578
724638
724682
724462
724894
724530
724766
724690
724470
724218
724370
724466
724382
724358
724158
724390
724502
724454
724422
724618
724442
724050
724290
724314
724254
724370
724434
724106
724498
724550
724558
724258
724202
724146
724150
724334
724426
724266
724314
724478
724494
724366
724194
724390
724118
724286
724234
724362
724354
724210
724106
724350
724362
724338
724310
724274
724350
724334
724414
724130
724390
724262
724382
724358
723994
724478
724562
724618
724466
724434
