592106
1520282
1520038
1519762
1520106
1520310
1520466
1519990
1519774
1519918
1523542
1523502
1523154
1523786
1523214
1522950
1522586
1522538
1522954
1522694
1523134
1523502
1523418
1523006
1522862
1523902
1523406
1522658
1523170
1522890
1522478
1522630
1522694
1523162
1523290
1523342
1522670
1523002
1523046
1522578
1522830
1523206
1522258
1521734
1522138
1521766
1521822
1522222
1522374
1522362
1522750
1522594
1522842
1522194
1522550
1522918
1523054
1522666
1522762
1522982
1523246
1522722
1523026
1523122
1523438
1523794
1523550
1523626
1523282
1523570
1523526
1523594
1523586
1523874
1523478
1523610
1523622
1523450
1522758
1522482
1523146
1522946
1523038
1522670
1523286
1523318
1523630
1523830
1523422
1522986
1523434
1523322
1523262
1523002
1522974
1523070
1523370
1523142
1523182
1522918
