974947
3223720
3224045
3222832
3226160
3231807
3231553
3231390
3231316
3231557
3231808
3231226
3231624
3231627
3232639
3230793
3231584
3230835
3230024
3230699
3231782
3232031
3230925
3230207
3230625
3230729
3230561
3230554
3231110
3229793
3229768
3230337
3230913
3229877
3230796
3231481
3231086
3231239
3230771
3231390
3232102
3232093
3231521
3231557
3232199
3231817
3231279
3230734
3231646
3230372
3230645
3229111
3229968
3229232
3229756
3230675
3230195
3229638
3230219
3230433
3230453
3230346
3229974
3229718
3228897
3228673
3229344
3229941
3230484
3230220
3230665
3229492
3230959
3229875
3231348
3230410
3229774
3229422
3229792
3230573
3230589
3230403
3230625
3231748
3231485
3231992
3232285
3231143
3229737
3231426
3230648
3230969
3231141
3232137
3232006
3231653
3232073
3230880
3230969
3231844
