769861
1744374
1744357
1744510
1744476
1744781
1745224
1745034
1747543
1748969
1749353
1748970
1749110
1749766
1749454
1748610
1749090
1749374
1749398
1749042
1749663
1749040
1749517
1749350
1749278
1749186
1749602
1749411
1749236
1749210
1748846
1749812
1750031
1750138
1749763
1749757
1749310
1749518
1749400
1749244
1749457
1749630
1749931
1750004
1749602
1749166
1749214
1748938
1748528
1749440
1749234
1749202
1748993
1748962
1749376
1750171
1750171
1749422
1749096
1749738
1749118
1748762
1748670
1749560
1749460
1749771
1749426
1749503
1749407
1750140
1750587
1750266
1749426
1749530
1749480
1749748
1749958
1749322
1748786
1749184
1749194
1749465
1749174
1749565
1749255
1749478
1749268
1748778
1748702
1748670
1748951
1748477
1748580
1749144
1748466
1749248
1749674
1750001
1749595
1749102
