513295
2234558
2234650
2234590
2234901
2235129
2236574
2240501
2239847
2240141
2240529
2240403
2240409
2240699
2240562
2240027
2240861
2240003
2240041
2239446
2239705
2239363
2239662
2240579
2240857
2240575
2241347
2240490
2240422
2241039
2241454
2240753
2240295
2239557
2239421
2239943
2240554
2241274
2240673
2240474
2240319
2240235
2240219
2239703
2241015
2241610
2239871
2240291
2241048
2240926
2241289
2240091
2241298
2241310
2241356
2241021
2240867
2241038
2241048
2239879
2240246
2240103
2240539
2241881
2241668
2241448
2240350
2240803
2240969
2241281
2241537
2241414
2241569
2241891
2241890
2241611
2242208
2241705
2241585
2241445
2241000
2241427
2241837
2241631
2241460
2241698
2242268
2241739
2241580
2240816
2240403
2240974
2242224
2241512
2241023
2241084
2240572
2240003
2240213
2239663
