764706
3995859
3996945
3999905
4005274
4007280
4007660
4007892
4007278
4007908
4008906
4007667
4007964
4007281
4008877
4009106
4008218
4008636
4006871
4006960
4007348
4007875
4005752
4005767
4005336
4004715
4004898
4004816
4006709
4006892
4006650
4007048
4007312
4007937
4008142
4006727
4005440
4005249
4006132
4005608
4004659
4005489
4005235
4004495
4005381
4005088
4004855
4004860
4005391
4005357
4006140
4006005
4006522
4006332
4005465
4005056
4003113
4003161
4003599
4005246
4004127
4003151
4001733
4002961
4005460
4004592
4004230
4004488
4003445
4002520
4003346
4004982
4003897
4002849
4002807
4003960
4002366
4004617
4005151
4005990
4004150
4005116
4004724
4005708
4004811
4005496
4004976
4003800
4003483
4003881
4002620
4001920
4004956
4005537
4004548
4006367
4006675
4005007
4003949
4003486
