990635
1473402
1473854
1473318
1473534
1473834
1474062
1474526
1473898
1474302
1477362
1477942
1477462
1477010
1477386
1477894
1478174
1478270
1478322
1477738
1477674
1477502
1477070
1477350
1477286
1477646
1477730
1477678
1477566
1477430
1477874
1477174
1477366
1477614
1477958
1477610
1477258
1477286
1476858
1476450
1477310
1477806
1477830
1477258
1477454
1477470
1477302
1477550
1477386
1477566
1477422
1477290
1477302
1476762
1477194
1477326
1477078
1477254
1477146
1477130
1477098
1476814
1476970
1477450
1476726
1476874
1476966
1477474
1477214
1477354
1477162
1477262
1477354
1477734
1477386
1477082
1477362
1477142
1477614
1478082
1477906
1477606
1477482
1477418
1477354
1477370
1477714
1478194
1477582
1477458
1477662
1477354
1477938
1477638
1477306
1477238
1477590
1477414
1477070
1477042
