596256
1722786
1723457
1723464
1722458
1722855
1723840
1723926
1726070
1727657
1727558
1727434
1727432
1726861
1726370
1726750
1726751
1726601
1727193
1726703
1726696
1726642
1728043
1727970
1727199
1727496
1727073
1726466
1726276
1726126
1726436
1725825
1725968
1726649
1726225
1726694
1726732
1726232
1726028
1726651
1726747
1726554
1726152
1726698
1726348
1726640
1726298
1726903
1727091
1726509
1726471
1727316
1727299
1727447
1727822
1728578
1728151
1727823
1727456
1727143
1727580
1726882
1727599
1727582
1727083
1727534
1728065
1728231
1728295
1728329
1727766
1727979
1727674
1727047
1727600
1727537
1727075
1727083
1727051
1727446
1727631
1727098
1727670
1727676
1726866
1726601
1726412
1726864
1726824
1726844
1726499
1727012
1727476
1726758
1726469
1726908
1726789
1727306
1727242
1727096
