496148
492730
22031
492802
492814
492582
492622
492770
492702
492530
492530
492378
492446
492514
492554
492730
492750
492814
492674
492562
492634
492550
492650
492470
492498
492494
492662
492794
492682
492602
492718
493874
493654
493542
493478
493414
493534
493474
493422
493506
493498
493658
493786
493622
493758
493754
493934
493750
493718
493658
493842
493814
493810
493918
493850
493910
493758
493634
493638
493714
493726
493718
493686
493774
493926
493934
493734
493914
493902
493882
493770
493794
493730
493798
493774
493466
493314
493602
493682
493662
493686
493774
493762
493730
493530
493758
493742
493674
493602
493510
493634
493794
493530
493666
493866
493930
493922
493886
493854
493786
