980264
1474662
1475230
1475210
1475142
1475202
1475578
1475546
1475754
1475358
1477662
1478750
1478206
1478586
1478874
1478698
1478894
1479118
1478826
1478710
1478790
1478942
1479026
1479218
1478914
1479202
1478750
1478238
1478574
1478598
1478366
1477582
1477986
1478418
1478298
1478246
1478622
1478270
1478234
1478214
1478186
1478166
1478442
1478210
1478298
1478518
1478442
1478174
1478146
1478434
1478670
1479270
1478542
1478650
1478582
1478766
1478614
1478698
1478682
1478786
1478238
1477766
1477394
1478074
1478642
1478046
1477350
1477762
1478246
1478654
1478722
1478334
1478118
1478322
1477754
1478078
1478650
1478310
1477894
1477618
1477510
1477510
1478134
1477982
1478010
1478026
1477854
1478282
1478242
1478574
1477878
1478126
1478250
1478350
1478630
1478506
1478858
1478790
1478586
1477642
