642841
3472828
3473787
3473306
3479260
3481261
3483573
3483055
3482623
3482493
3482658
3482544
3482643
3483143
3483883
3481523
3480675
3480676
3481660
3481387
3482508
3482278
3481779
3482361
3483012
3482421
3482531
3480932
3480860
3482528
3481852
3483013
3482308
3481104
3482719
3482752
3482445
3480994
3481697
3481679
3482115
3483446
3484264
3485720
3483534
3482575
3482513
3481535
3482267
3481283
3483156
3481989
3481948
3481367
3483660
3483332
3483096
3482449
3482471
3482515
3483006
3482176
3482133
3482172
3481858
3482226
3482078
3481651
3480734
3480998
3480213
3480085
3479774
3481151
3483425
3482836
3482464
3481192
3481303
3480843
3481205
3481509
3482280
3481727
3482092
3482045
3481534
3481667
3481581
3481565
3482934
3482550
3481298
3481308
3480889
3481807
3480662
3481958
3480850
3480313
