244253
238070
238050
152748
238110
238090
238098
238046
238098
238066
238146
238062
238050
238070
238102
238142
238098
238118
238202
238218
238154
238074
238086
238130
238030
238050
237962
237990
238050
238074
238058
238110
238054
238062
238134
238078
238006
238062
237962
238030
238038
238070
238086
238046
238010
238014
237966
237846
237866
237994
238054
237970
237986
238010
237938
238046
238042
238134
238058
238038
238118
238130
238138
239478
238682
238662
238710
238678
238686
238734
238762
238670
238674
238658
238606
238606
238630
238630
238642
238590
238606
238582
238630
238658
238606
238610
238546
238650
238558
238634
238662
238650
238562
238534
238590
238642
238726
238702
238738
238722
