854286
1960026
1959858
1960470
1960682
1960690
1960646
1962406
1965102
1964682
1964614
1965014
1965582
1965414
1965218
1965150
1965358
1965226
1965442
1965378
1965874
1965674
1965330
1965378
1965226
1965230
1964870
1964790
1965034
1965426
1964878
1964694
1964514
1965458
1965986
1965694
1965062
1964874
1964470
1964422
1964990
1965866
1965210
1965454
1966342
1966158
1965650
1965978
1966574
1966046
1965390
1965094
1965074
1965450
1965178
1965542
1965814
1965398
1965258
1965482
1965458
1965202
1965026
1965466
1965598
1965562
1965638
1965770
1965542
1965226
1965178
1965630
1965766
1965658
1965598
1965790
1965654
1966242
1965954
1965922
1965198
1965218
1965610
1965466
1965806
1965310
1964898
1964662
1965166
1965598
1965010
1964826
1964854
1964538
1965286
1965022
1965138
1965062
1965454
1965742
