1084974
2522000
2521719
2521532
2522088
2522163
2527303
2526551
2527315
2527172
2527099
2526891
2527319
2527706
2527052
2527015
2527458
2528063
2529183
2528383
2528568
2527973
2528026
2527759
2527344
2527384
2527330
2526422
2527481
2528007
2527324
2527519
2528406
2528417
2527402
2526713
2527636
2528167
2528147
2527844
2527635
2526607
2526380
2526589
2527114
2526992
2527067
2527607
2528640
2528159
2528852
2527489
2528657
2528562
2527675
2529244
2529139
2528388
2529411
2528651
2529368
2529179
2529497
2528989
2528620
2528792
2528343
2528328
2528417
2528353
2528907
2528815
2529060
2528538
2528968
2529547
2529778
2529883
2529165
2528596
2528540
2527701
2527049
2527415
2527728
2527514
2527003
2527467
2527120
2527490
2526452
2526925
2526512
2527146
2527675
2527716
2526944
2527190
2527558
2528116
