553775
730718
730486
730578
730730
730738
730758
730694
730834
730702
730650
730638
730638
730630
730674
730326
730502
730654
730874
730918
730978
734254
732602
732462
732094
732106
732298
732402
732438
732346
732298
732158
732294
732266
732210
732134
732194
732222
732006
731914
731898
731922
732242
732178
732086
731838
732042
732262
732270
732218
732234
732474
732350
732314
732402
732246
731986
732022
731930
732170
732222
732398
732202
731962
732202
732310
732174
732342
732406
732158
732438
732574
732546
732378
732266
732246
732346
731950
731866
731918
732062
732090
732030
732238
732514
732562
732482
732406
732710
732486
732398
732342
732066
732054
732018
731998
731986
732126
731926
731794
