54645
61781
61793
61805
61821
61805
61817
61797
61809
61805
61825
61817
61821
8148
61797
61805
61813
61813
61801
61817
61817
61817
61801
61813
61793
61789
61769
61801
61813
61797
61793
61813
61809
61809
61801
61809
61813
61821
61829
61789
61789
61813
61797
61817
61805
61833
61801
61821
61829
61813
61813
61833
61837
61821
61865
61829
61837
61821
61805
61821
61817
61813
61797
61821
61817
61817
61821
61813
61789
61805
61813
61805
61829
61857
61845
61841
61817
61837
61837
61821
61825
61833
61841
61853
61829
61841
61837
61821
61813
61817
61793
61833
61825
61825
61809
61805
61829
61801
61797
61809
