1187268
1962566
1963006
1962922
1961622
1961826
1961530
1964502
1966502
1966606
1965822
1966738
1967082
1967166
1966570
1966478
1966542
1966098
1966530
1966182
1966438
1966570
1966426
1966610
1965830
1965570
1965546
1965078
1965766
1965202
1965674
1965686
1964946
1965618
1965942
1965962
1965242
1965698
1965554
1965230
1965734
1966178
1966042
1965826
1965694
1965566
1966434
1966538
1966530
1966102
1965338
1966390
1966522
1966090
1966002
1966818
1966698
1966030
1965982
1966058
1965886
1966026
1966050
1965846
1965950
1966122
1966810
1965774
1966278
1966506
1966802
1966894
1966054
1966466
1966878
1966594
1966618
1966330
1966086
1965870
1965890
1965778
1965814
1965818
1965486
1964730
1965322
1966082
1966746
1965730
1965470
1965666
1966326
1966110
1966586
1966218
1965822
1966222
1966386
1965466
