564992
3730455
3730544
3731122
3741305
3741404
3741360
3740490
3740519
3738203
3739116
3738234
3736689
3738099
3738511
3738296
3739919
3739266
3738372
3738809
3739641
3740683
3741558
3741071
3741228
3740527
3741306
3741035
3739574
3739600
3740044
3739160
3741628
3740108
3740306
3739392
3740173
3740442
3741150
3741900
3741190
3740626
3740899
3739990
3741006
3741609
3740568
3741073
3740614
3740710
3742047
3741467
3740500
3741652
3740334
3739867
3740566
3741917
3743495
3741775
3739775
3742155
3741824
3741555
3740704
3741190
3741827
3741587
3742845
3742143
3741669
3741019
3742092
3740907
3740536
3741533
3743076
3742574
3741129
3742091
3741902
3742152
3741328
3742510
3742129
3743302
3743188
3743218
3743758
3744095
3743988
3744583
3743974
3743742
3743592
3743826
3743819
3743079
3742624
3743925
