791414
3002859
3003274
3003957
3003826
3010492
3010819
3009673
3010726
3010418
3011038
3011335
3010400
3009827
3009372
3009212
3008910
3009536
3011272
3011290
3010905
3010288
3007750
3007710
3008195
3008578
3009065
3008389
3009084
3009411
3008437
3009070
3008778
3008618
3007484
3008192
3009573
3008467
3010299
3009670
3008717
3008219
3008498
3009663
3009557
3009075
3008809
3010218
3010298
3010369
3010584
3010126
3008927
3008976
3009242
3009460
3009171
3008171
3008198
3009352
3008369
3009846
3009310
3009579
3009251
3009048
3008973
3008267
3008297
3008671
3008431
3007907
3007923
3007407
3008323
3008752
3008093
3007891
3008578
3009048
3008427
3006096
3007791
3008067
3008250
3009264
3010005
3008441
3008514
3007954
3007811
3007695
3008117
3007822
3007524
3007150
3007583
3007587
3006785
3007557
