921869
1506155
1505896
1506074
1506194
1505945
1505516
1505428
1506275
1505856
1509517
1509658
1510026
1509889
1510024
1509786
1509781
1509310
1509678
1509166
1509422
1509422
1509342
1509050
1509332
1509188
1509176
1509888
1509638
1509491
1509642
1509816
1509510
1509435
1509532
1509384
1509342
1509294
1510386
1510194
1509630
1509742
1509694
1509524
1510178
1510039
1509986
1509749
1509583
1509705
1509855
1509490
1509888
1510162
1510003
1509534
1509222
1509009
1509457
1508718
1509478
1509090
1509250
1509192
1509691
1509924
1509758
1509653
1509310
1509469
1509889
1509864
1509391
1509446
1509206
1509170
1509471
1509332
1509522
1509278
1509282
1509398
1509668
1509532
1509314
1509016
1509486
1509758
1509290
1509566
1509794
1510103
1509518
1508911
1508526
1508682
1508289
1508550
1508430
1508622
