705414
3985770
3986716
3989626
3994913
3995818
3995260
3995763
3996681
3996892
3995801
3995771
3994682
3994960
3995001
3996071
3996535
3996936
3995312
3993735
3994283
3995668
3995671
3996025
3995624
3995783
3996590
3995937
3996100
3996106
3995300
3996659
3995513
3996041
3995346
3995612
3993768
3995777
3996453
3997235
3996450
3995620
3995752
3996325
3997098
3995828
3994781
3995166
3995663
3994163
3994345
3994635
3995224
3996588
3996906
3996500
3995196
3993518
3994215
3995794
3994389
3994048
3993558
3994398
3994424
3994751
3994555
3994215
3995111
3994769
3994226
3994756
3994142
3993478
3994141
3995981
3995060
3995506
3995389
3994511
3995007
3994778
3993915
3993142
3993458
3993370
3992986
3992978
3992939
3992605
3992686
3993375
3992846
3993994
3994005
3994074
3994611
3993439
3992681
3993609
