1169984
2469281
2469924
2469705
2469190
2469578
2473813
2474046
2474154
2474491
2474380
2474684
2474601
2475325
2474464
2474337
2473593
2474254
2474534
2474575
2475031
2476142
2474871
2475562
2475045
2474836
2475204
2475265
2475095
2475253
2474453
2474829
2474416
2473674
2473333
2473169
2473077
2472988
2474142
2474160
2473584
2473742
2473279
2473665
2473736
2474237
2474801
2474322
2475666
2474991
2474479
2473956
2474452
2473867
2474634
2474064
2474072
2473972
2474743
2473274
2473297
2474363
2473748
2473596
2472448
2473305
2473734
2473916
2474552
2475001
2475018
2473880
2474057
2473990
2473449
2474117
2474929
2474476
2474674
2474381
2474241
2475481
2476063
2475709
2475501
2475943
2475341
2475362
2475046
2475572
2474966
2475761
2475726
2475953
2475441
2474483
2474886
2474024
2474476
2476069
