965841
1470638
1471458
1470574
1470522
1470618
1470998
1471130
1471334
1470846
1472882
1474050
1473942
1473934
1473758
1474034
1474282
1474450
1474566
1474158
1474494
1474750
1474718
1474150
1474438
1473678
1473882
1473610
1473534
1473798
1474038
1474010
1473926
1474166
1473786
1473742
1474158
1474278
1474318
1474042
1474158
1474434
1474402
1474614
1474182
1474478
1474206
1473946
1473714
1473262
1473418
1473678
1474010
1474362
1473894
1473346
1473602
1473210
1473390
1473726
1473162
1473490
1473722
1473978
1473702
1473662
1473866
1473666
1473702
1473582
1473558
1473794
1473946
1473930
1472998
1473886
1474094
1473770
1473658
1473574
1473426
1472854
1472774
1473490
1473434
1473670
1474018
1473166
1472810
1473946
1474034
1474162
1473878
1473550
1473670
1473462
1473422
1473370
1473858
1473678
