1072179
2506621
2506352
2506702
2505616
2505780
2511788
2511053
2509878
2511482
2511070
2510663
2511814
2511364
2511226
2511361
2510238
2510554
2511839
2510423
2510811
2511935
2511255
2511927
2512540
2511841
2511927
2511583
2512623
2512596
2512765
2512672
2512968
2512427
2511951
2511952
2511420
2512400
2512112
2512197
2511091
2511602
2511539
2511717
2511832
2512464
2512816
2512651
2512617
2512535
2512813
2512477
2511111
2511707
2511957
2512439
2512484
2512783
2512467
2511752
2511590
2511644
2512020
2511720
2511146
2511499
2513063
2512984
2513940
2512972
2512313
2511347
2510886
2510901
2510426
2511254
2511033
2510910
2511225
2510781
2511294
2510692
2510482
2510622
2511030
2512037
2511153
2510998
2511911
2511784
2510711
2510895
2511030
2510874
2510849
2509996
2511050
2510962
2511984
2510916
