1008304
3225045
3224638
3224367
3229219
3233552
3234206
3234030
3233163
3233590
3235485
3233757
3235149
3234817
3235157
3234902
3233953
3234807
3234520
3234330
3234083
3233533
3233739
3234984
3234296
3233247
3234403
3234136
3233627
3234760
3234774
3234012
3235033
3234927
3233978
3234681
3235097
3234611
3234543
3232443
3233759
3232536
3232440
3233175
3233694
3233249
3233133
3233785
3233728
3234263
3234310
3232567
3233698
3233483
3233551
3232750
3232980
3232437
3231416
3231825
3232971
3233266
3232609
3231915
3232523
3232860
3233660
3232922
3233271
3232579
3232543
3233384
3233044
3232702
3232791
3232492
3232593
3232101
3232210
3233719
3233193
3232624
3231644
3233027
3233890
3234023
3234004
3234213
3234925
3233347
3232443
3232022
3231725
3231626
3231565
3232398
3232071
3230977
3230326
3230359
