385453
3513049
3513663
3513452
3521812
3524311
3523015
3522330
3521137
3521483
3521579
3521389
3521157
3521361
3522167
3523121
3522311
3522191
3521358
3522043
3522816
3522848
3523799
3524358
3524850
3523771
3523453
3523698
3522233
3522592
3521919
3522341
3522749
3523918
3523353
3523830
3523266
3523867
3522570
3522893
3523803
3522674
3521216
3520441
3520061
3519690
3519755
3520251
3520550
3520303
3520975
3521154
3520065
3520283
3520240
3520211
3521162
3521744
3522220
3523086
3521715
3521399
3521838
3522310
3523298
3522788
3522163
3522085
3523205
3521527
3522286
3521381
3522212
3522372
3522336
3521788
3521395
3521350
3520930
3522674
3521993
3522262
3522329
3522985
3524090
3523170
3522164
3521434
3524063
3523282
3523492
3523209
3523049
3523934
3522449
3522959
3521210
3521289
3522081
3520937
