769034
3988299
3986746
3988433
3995965
3996150
3994657
3995891
3995147
3995721
3996253
3996985
3994934
3995093
3996125
3997869
3997725
3998129
3996756
3995836
3997296
3997902
3997882
3996671
3995295
3995933
3994921
3995433
3995373
3996594
3995663
3996037
3995989
3996536
3997112
3996283
3996689
3998523
3996712
3996163
3996432
3997169
3996337
3995413
3994828
3997201
3997246
3995946
3995515
3995463
3995234
3995629
3996267
3996030
3995791
3996335
3996005
3996548
3996721
3998437
3997501
3997070
3999638
3999413
4000308
3998186
4000230
4001766
4001489
4000357
3998989
3999111
3996597
3998330
3998835
3998571
3997006
3998391
3998464
3998482
3998038
3999245
3997224
3997162
3997709
3998101
3998533
3998331
3997390
3998022
3998725
3998486
3998141
3996858
3998619
3996483
3997915
3998809
3996646
3997922
