937227
3250443
3250439
3250458
3254626
3258576
3257059
3257387
3257224
3256951
3256179
3258189
3257438
3256966
3256325
3257163
3257267
3256150
3257214
3257253
3258190
3258057
3258108
3256705
3257771
3257828
3255911
3257399
3257420
3257769
3258072
3258292
3258298
3257313
3257625
3258322
3258311
3256098
3257395
3257455
3257227
3256892
3257670
3257413
3257914
3257867
3257991
3258214
3258171
3257492
3259124
3258910
3258276
3258588
3257315
3258245
3259027
3258825
3258404
3259325
3258381
3257136
3256300
3255662
3256331
3256320
3254502
3256660
3256265
3257095
3255475
3255835
3255721
3255434
3256874
3256449
3256785
3258061
3257076
3259520
3257514
3257711
3256886
3256824
3258522
3259999
3259167
3259120
3258230
3259481
3258126
3259080
3259598
3260857
3260093
3259614
3258993
3258560
3257323
3259416
