429692
3480497
3481537
3480670
3487380
3487180
3488136
3487976
3489015
3488410
3487259
3486963
3486543
3485797
3485907
3486110
3486611
3486661
3487276
3486836
3487451
3485456
3485753
3486293
3485360
3487409
3487661
3489588
3488856
3488865
3487703
3488664
3487674
3489421
3490501
3487756
3488134
3488326
3488319
3487818
3487356
3487397
3487638
3488689
3488197
3488019
3487621
3488417
3488843
3488229
3487762
3486774
3486813
3485784
3485547
3486865
3486660
3485693
3486140
3487434
3487136
3485878
3484475
3487667
3488119
3488163
3488539
3486751
3487978
3486670
3486977
3486385
3485074
3485916
3485485
3486741
3487120
3486742
3485523
3485208
3486173
3485693
3485966
3486360
3486409
3486583
3487351
3486668
3485867
3487182
3486319
3486704
3487204
3488263
3486598
3485126
3484033
3485944
3484795
3486539
