56619
61050
61026
61022
61038
61034
61034
61018
61002
61034
61046
61014
61010
61022
61002
60982
60982
61002
9382
61014
61006
61014
61002
61002
61006
61002
61022
61022
61046
61030
61034
61034
61014
61014
61006
61002
61026
61030
61026
61030
61014
61018
61034
61018
61034
61062
61050
61038
61034
61054
61030
61018
61014
61010
61026
61038
61018
60990
60990
60998
60994
61010
61006
60982
60986
61006
60998
61010
61014
61014
61002
60986
60990
61006
61014
61010
61010
61014
60998
61010
61002
61014
60998
61014
60990
61014
61018
61014
61010
60990
60990
61006
61022
61002
61026
61034
61034
61022
61006
61026
