982709
4000672
4001624
4003730
4008890
4009488
4009648
4009188
4009706
4011155
4010152
4010381
4009262
4010870
4010005
4010014
4010834
4010294
4010990
4012469
4010557
4011950
4011096
4010303
4011782
4011266
4011623
4009480
4011928
4011433
4008791
4010317
4010813
4010852
4011302
4007469
4009790
4009588
4009076
4008912
4008252
4008572
4008731
4008952
4010117
4008320
4009518
4009800
4010135
4009668
4009888
4010011
4009733
4011787
4010589
4009399
4009660
4008408
4008857
4010259
4011496
4010073
4010451
4012881
4011169
4010947
4011591
4011573
4010836
4010628
4010189
4011823
4011192
4010213
4010192
4010899
4010824
4009895
4008368
4007723
4009140
4008731
4010107
4009034
4009751
4010572
4009978
4010660
4009352
4010527
4009889
4009554
4009511
4008430
4006760
4008132
4010010
4009621
4008665
4008908
