612707
1753497
1753871
1753171
1753996
1754056
1753800
1753469
1755200
1757075
1757540
1757152
1757420
1756943
1757244
1757684
1758268
1757868
1758535
1758055
1757838
1756918
1756855
1757612
1758012
1757640
1757572
1756486
1756232
1757163
1757306
1757388
1757236
1757584
1757362
1756660
1756523
1756311
1756557
1756940
1757582
1757762
1758559
1758091
1758064
1758142
1758184
1757843
1757780
1757756
1757224
1757592
1758133
1757580
1756986
1756790
1756367
1756265
1757148
1757586
1757508
1758004
1757786
1757640
1757612
1757235
1757867
1756938
1757166
1757500
1757338
1757314
1757658
1757026
1757474
1757204
1757042
1757928
1758106
1757652
1758092
1758010
1757650
1758206
1757314
1757750
1758062
1757884
1756948
1757304
1757186
1757330
1757183
1757396
1757758
1757880
1757710
1758022
1757393
1757129
