1102136
2220741
2221187
2221000
2221448
2221643
2222435
2226006
2225818
2225601
2225894
2226346
2226886
2225829
2225485
2225598
2226557
2225970
2225785
2225465
2226502
2226297
2226098
2226025
2226530
2226925
2226446
2226738
2226497
2227142
2226735
2226218
2225633
2225296
2226334
2226921
2225630
2226273
2226058
2226037
2226141
2226619
2227163
2227135
2228115
2227383
2226677
2226347
2226612
2225753
2225782
2227309
2227611
2226905
2227199
2227102
2227927
2227346
2227878
2226881
2227530
2227114
2227054
2226926
2227429
2228035
2227570
2227243
2227114
2226437
2225474
2226225
2226843
2225870
2226950
2226907
2226177
2226557
2226527
2226061
2227712
2227045
2226721
2226614
2226074
2226106
2226105
2227226
2226690
2226818
2225609
2226942
2226641
2225874
2226704
2225557
2226464
2226069
2226197
2226010
