1072132
2018774
2018866
2017998
2018274
2018502
2018010
2021102
2022150
2022322
2023142
2022342
2023090
2022638
2023430
2023106
2023074
2023238
2022654
2022994
2023386
2023286
2023198
2024066
2023174
2023190
2023478
2023454
2023098
2022530
2022730
2023766
2022914
2023214
2022838
2023482
2023810
2022714
2022730
2024058
2024766
2024878
2024234
2023014
2023266
2022922
2023602
2023774
2024214
2024022
2024254
2023554
2023210
2023522
2024222
2023958
2023998
2023778
2023170
2024090
2024150
2023542
2023626
2023550
2023770
2023006
2023302
2023970
2023546
2022982
2023342
2023922
2023570
2023358
2023270
2023082
2023066
2023218
2022978
2022802
2023078
2023502
2023382
2023094
2023358
2023566
2024298
2023462
2024374
2024118
2024050
2023994
2023702
2023086
2023482
2023434
2023998
2023878
2023742
2023998
