591524
3275870
3274647
3273607
3279064
3282625
3283229
3281660
3282392
3282320
3282685
3283225
3282114
3281984
3283166
3281892
3281207
3282536
3282109
3281892
3282667
3282806
3281806
3281766
3282098
3281712
3281757
3282275
3282753
3282335
3283354
3283471
3282151
3281498
3283012
3282382
3282316
3282259
3281670
3281916
3283050
3282879
3283381
3285066
3283792
3284277
3284518
3284432
3283655
3283317
3284260
3284241
3283673
3282960
3282976
3281602
3281474
3280114
3279779
3280819
3281243
3280930
3281162
3281784
3282989
3282638
3281559
3281854
3283518
3283775
3282954
3281150
3281242
3280954
3280786
3281203
3281468
3281468
3281401
3281022
3282198
3280662
3280844
3281898
3281785
3281668
3282362
3282687
3282902
3282510
3283004
3282811
3282619
3281504
3280099
3279800
3280542
3280886
3280403
3283544
