1082082
2752266
2753886
2753428
2753466
2757509
2760404
2759308
2758951
2758256
2758216
2759613
2758458
2758692
2759177
2759550
2758629
2759661
2759548
2760281
2759428
2759286
2758811
2758227
2759955
2759264
2758132
2759429
2759511
2758946
2759719
2759290
2759680
2759727
2760220
2760629
2759428
2759769
2759970
2759950
2759238
2759103
2759667
2760202
2758370
2759446
2760302
2760677
2759429
2758834
2759341
2759340
2759060
2757173
2758952
2759065
2759615
2759514
2759448
2758867
2758470
2759855
2760791
2760119
2759329
2759227
2759939
2760241
2760749
2759645
2760277
2760750
2760807
2759014
2759096
2758727
2759456
2759205
2758759
2758909
2758486
2759858
2759688
2759815
2759234
2759582
2759067
2759060
2759879
2759916
2759755
2759234
2758413
2758824
2758839
2758901
2760437
2760223
2759752
2759880
