1019527
2239241
2239394
2239093
2239121
2238083
2241801
2243948
2243758
2244126
2244748
2244126
2243454
2243493
2243960
2243271
2244660
2244068
2243512
2244519
2244805
2245094
2245064
2244054
2243924
2244117
2243524
2243289
2243211
2243126
2243129
2243727
2244171
2244298
2244073
2243626
2243309
2243002
2243050
2243687
2243470
2243726
2243834
2244182
2243658
2243649
2244331
2243211
2243711
2243370
2242677
2242922
2242874
2242815
2243870
2242804
2242809
2243632
2243432
2243256
2243033
2243052
2243720
2243222
2243624
2243857
2242878
2242827
2244179
2243873
2243502
2244378
2243665
2244526
2244923
2244873
2243934
2243636
2244572
2244912
2243610
2244735
2244662
2244252
2244364
2244794
2244776
2243749
2244002
2245151
2244675
2244057
2244536
2244704
2244203
2244358
2244966
2245315
2244606
2243826
