521020
3008716
3008637
3007683
3008233
3015506
3015266
3015879
3015619
3016068
3016366
3015055
3015836
3015659
3016094
3015830
3015661
3015558
3014212
3015211
3014240
3014216
3014523
3015143
3016724
3016934
3016896
3015854
3014455
3015271
3015672
3015767
3015705
3015274
3014414
3014246
3015803
3016112
3015392
3014980
3014685
3015511
3016368
3015711
3014121
3014874
3014159
3014322
3015006
3015544
3016845
3016003
3016375
3015580
3015273
3014981
3014465
3014818
3014594
3015137
3014958
3014922
3016324
3016105
3016320
3015044
3015124
3015052
3015308
3015133
3015370
3014736
3015332
3014736
3014086
3014984
3014278
3014297
3014009
3013756
3014033
3014208
3014848
3014974
3013929
3015046
3014602
3014599
3014369
3015164
3014984
3015464
3014467
3015134
3014813
3015211
3015648
3014195
3015724
3014408
