370541
1249698
1249339
1249834
1250036
1249955
1250100
1249595
1249290
1249662
1249948
1249581
1252960
1251768
1252253
1252725
1252796
1253073
1252616
1252328
1252366
1252308
1252631
1252899
1253141
1252874
1253240
1252941
1252830
1252969
1253105
1253074
1252630
1252394
1252314
1252238
1252179
1252491
1252636
1253257
1253296
1253218
1253037
1253805
1253337
1252850
1253236
1253220
1252985
1253176
1252428
1252185
1252688
1252899
1252968
1252871
1252852
1252523
1252487
1252421
1252785
1252519
1252187
1252526
1252540
1252331
1253101
1253029
1252754
1253113
1253264
1253111
1252864
1253021
1253024
1253371
1253422
1253591
1253871
1253816
1253947
1254185
1253758
1253627
1254154
1254755
1254587
1254259
1254012
1253709
1254042
1254276
1254262
1254036
1253855
1254440
1253560
1253313
1253438
1253430
