573362
985407
985519
985647
985775
985707
985723
985695
985919
985787
985523
985907
985455
985855
986163
987171
988203
987979
988227
987911
988127
988283
988379
987879
988075
988331
987931
987951
988147
987903
987763
987891
987871
988211
988395
987995
987855
987715
988175
988035
987999
987831
987863
988095
988151
987559
987743
987771
988375
988423
987871
988063
988215
988367
988703
988667
988447
988231
988339
988207
988323
988371
988291
988323
988027
987915
988087
988495
988187
988199
988195
988295
988151
988375
988523
988175
988163
987931
987683
987911
988331
988507
988163
988207
988387
988135
987895
987759
988011
988151
987807
987895
987495
987815
987827
987951
987783
987879
987719
987607
