518562
2273608
2273051
2272936
2272822
2273124
2275883
2278773
2277995
2277410
2277941
2277656
2277301
2278801
2278367
2278333
2277964
2277672
2277812
2278426
2278242
2278456
2279671
2278996
2277913
2278554
2278415
2278735
2277764
2277784
2277466
2277910
2278408
2277927
2277964
2277597
2277716
2278203
2277849
2277420
2277761
2278464
2279759
2278965
2278713
2279176
2279045
2278495
2278047
2278120
2277762
2277510
2277880
2278064
2277947
2277084
2278252
2278245
2277280
2277179
2276405
2277341
2278104
2278414
2278048
2277980
2278029
2277654
2277227
2277396
2278245
2277364
2278060
2278260
2277288
2277510
2276899
2277147
2276708
2276452
2277010
2276919
2277620
2277865
2277367
2277771
2277288
2277785
2277739
2278964
2278476
2277920
2277831
2279087
2278883
2278712
2278811
2277888
2278978
2278484
