782916
2503997
2504355
2504078
2504447
2504565
2510767
2510271
2510248
2510064
2511137
2510594
2510803
2511366
2511075
2510777
2510016
2510673
2511275
2511087
2510980
2510141
2509991
2509626
2509053
2509200
2510012
2510337
2510856
2511258
2511987
2511502
2511669
2511307
2510031
2509757
2510404
2510174
2509497
2509574
2509520
2509669
2510376
2508912
2510159
2510687
2511084
2511005
2511513
2511634
2511723
2511033
2511461
2510885
2511854
2511891
2511704
2511816
2512096
2512266
2511374
2510087
2510713
2510515
2509598
2509235
2509390
2509825
2510154
2509354
2509430
2510010
2510711
2509839
2510308
2509936
2510360
2509376
2509000
2508868
2509267
2509650
2510152
2510843
2510783
2510699
2510481
2511301
2510735
2510932
2511658
2511377
2511469
2510361
2509996
2509672
2509070
2509440
2509359
2509526
