647629
3027452
3027370
3027722
3028943
3032991
3034107
3033579
3034186
3034536
3035016
3033809
3033514
3034238
3034663
3033915
3033267
3033562
3032338
3033690
3033885
3033136
3033555
3033589
3035319
3035917
3035785
3035716
3035660
3034171
3034098
3034037
3033645
3033746
3033411
3033726
3034310
3035240
3033729
3034647
3034375
3034199
3033751
3033194
3033669
3034189
3034754
3034718
3034455
3034305
3034094
3033474
3032912
3032514
3032276
3033918
3033369
3033971
3034272
3033905
3033914
3034271
3035265
3035418
3034717
3034863
3036529
3036261
3035389
3035602
3035205
3034739
3034175
3035463
3034875
3034118
3034764
3034736
3034327
3034271
3035217
3035200
3034551
3034577
3034577
3034211
3034719
3035110
3035860
3036696
3036304
3036213
3036952
3036934
3036744
3035841
3034813
3036865
3035865
3034986
