494596
485194
29626
485206
485154
485110
485186
485242
485222
485118
485386
485426
485326
485158
485226
485210
485054
485158
485282
485226
485222
485294
485294
485198
485150
485286
485166
485142
485206
485106
485042
487050
486070
485994
486010
485942
485946
486022
485874
485890
486042
485910
485882
485962
485986
486122
486050
486018
486022
485970
486134
486154
486162
486030
486158
486022
486054
485970
486118
486062
486198
486358
486274
486214
486386
486430
486318
486314
486298
486246
486138
486214
486210
486226
486378
486382
486342
486250
486310
486322
486334
486110
485966
485998
486290
486374
486082
486002
485910
485990
486062
485862
485954
486082
486054
486146
486138
486010
486094
486170
