56403
61609
61622
61590
61602
61602
61602
61614
61614
61614
61630
61626
61610
61630
61614
61618
1674
61602
61574
61586
61590
61618
61590
61626
61614
61610
61614
61626
61610
61626
61602
61602
61622
61614
61614
61614
61602
61614
61606
61578
61602
61614
61622
61610
61622
61614
61622
61602
61594
61598
61610
61614
61598
61618
61606
61618
61602
61598
61590
61606
61606
61618
61642
61614
61622
61606
61606
61610
61594
61618
61590
61594
61602
61618
61618
61614
61594
61598
61598
61606
61606
61602
61602
61582
61578
61574
61582
61590
61602
61574
61574
61578
61578
61582
61606
61598
61610
61606
61590
61606
