719006
3515848
3514476
3516888
3523289
3525361
3524771
3523352
3522718
3523358
3524005
3523616
3523749
3523728
3523933
3524027
3522676
3522281
3522644
3523324
3522665
3521559
3522283
3521081
3523138
3522724
3523338
3523299
3522604
3521187
3522340
3523294
3523097
3522461
3522529
3522383
3522960
3522590
3522300
3521772
3521859
3520738
3521953
3521786
3522097
3523279
3522634
3521080
3521399
3521684
3520396
3522221
3522683
3522560
3521284
3522155
3520741
3521200
3522384
3522224
3521130
3520760
3521896
3520942
3520289
3521003
3520820
3521023
3519854
3521241
3520581
3520462
3519659
3520765
3521284
3522005
3521640
3520763
3521687
3521173
3521195
3520395
3521847
3520603
3521730
3522146
3521622
3521484
3521511
3520391
3520645
3519746
3520270
3520903
3520138
3519927
3520554
3519806
3520555
3519925
