244379
247099
247075
63257
247079
247019
247079
247079
247087
247139
247299
247259
247163
247115
247095
247079
247059
247131
247135
247043
247011
247115
247143
247167
247039
246995
247091
247083
247043
247043
247031
247119
247167
247123
247231
247195
247027
247067
247139
247123
247175
247203
247147
247131
247191
247175
247139
247159
247159
247187
247211
247103
247159
247143
247171
247147
247091
247127
247199
247151
247091
247107
247075
249231
247691
247759
247683
247691
247747
247771
247731
247839
247767
247723
247795
247855
247775
247711
247843
247759
247695
247671
247735
247763
247799
247811
247891
247747
247675
247703
247687
247763
247875
247875
247847
247867
247951
247951
247855
247875
