739823
2975413
2974071
2974246
2975285
2981335
2979600
2979877
2980944
2980544
2980325
2980097
2980768
2980713
2981148
2982881
2982518
2982116
2982712
2982419
2981057
2981496
2982537
2981956
2981532
2983425
2983149
2982561
2983468
2982794
2983146
2982567
2982765
2982905
2984101
2983203
2983948
2984186
2982867
2983236
2983502
2984033
2982813
2982768
2983395
2982902
2982633
2983494
2982432
2982631
2983745
2983595
2982942
2982287
2982458
2982286
2982497
2982198
2982722
2982871
2982341
2981691
2982847
2983326
2981924
2982703
2982424
2981680
2982513
2981257
2980524
2981972
2982330
2981792
2982353
2983017
2982651
2983413
2982349
2982053
2983189
2981664
2981458
2982154
2981851
2982448
2981749
2981503
2981722
2981841
2982316
2983312
2983614
2983757
2983633
2983713
2983788
2982789
2983625
2983031
