442199
1243594
1243181
1243178
1243075
1243373
1242972
1243368
1243222
1243497
1243678
1243392
1247519
1245976
1246321
1245905
1245791
1245942
1246333
1246008
1245649
1245851
1246110
1246298
1246477
1246101
1246033
1246128
1245866
1245770
1246045
1245790
1245452
1245507
1245484
1245898
1246290
1246406
1246209
1245983
1245949
1246218
1245715
1245694
1245629
1245602
1245750
1246157
1245802
1246086
1245632
1245351
1245990
1246106
1246563
1246242
1246022
1246188
1246075
1245697
1245934
1245961
1245954
1245811
1245778
1245962
1245791
1245963
1246084
1245416
1246135
1245755
1245630
1245934
1246099
1246782
1246350
1246371
1246253
1246426
1246920
1246666
1246210
1246091
1246103
1246634
1246545
1246685
1246966
1246576
1245854
1246105
1246230
1246477
1246266
1245925
1246120
1246099
1246156
1245804
