1122851
1718983
1719371
1719859
1719999
1719187
1719303
1719259
1719207
1723427
1722803
1722743
1722975
1723011
1723555
1723359
1722955
1723231
1722883
1722987
1723507
1723707
1722879
1723083
1723119
1723067
1722663
1722407
1722559
1723031
1723239
1722643
1722835
1723491
1723511
1723823
1723819
1723667
1723367
1724119
1723939
1724099
1724747
1723619
1723695
1724167
1723507
1723667
1723927
1723971
1723919
1723171
1723531
1723551
1723755
1722667
1723659
1723891
1723663
1723663
1723499
1722579
1722947
1723939
1723347
1722991
1722915
1723243
1723479
1723643
1723723
1723731
1723851
1723843
1722707
1723023
1722995
1722779
1723099
1722939
1723187
1723067
1723111
1722131
1722423
1722963
1722719
1722567
1722551
1722795
1722963
1722455
1722795
1722835
1723019
1723639
1723031
1723199
1723163
1723643
