748180
63949
717274
717366
717478
717402
717478
717414
717302
717486
717634
717334
717482
717382
717358
717382
717570
717338
717418
717594
717602
720074
719530
719486
719370
719414
719386
719394
719190
719114
719326
719418
719154
718894
719098
719198
719386
719366
719422
719374
719442
719398
719590
719398
719118
719330
719194
719138
719142
719090
718954
719154
719278
719118
719070
719050
719038
719094
718910
718842
718838
718790
718786
718890
718950
718930
719002
718858
718566
718574
718750
718742
718870
718794
718830
718870
718698
718814
719310
719062
718646
718694
718862
718934
718814
718798
718698
718958
718946
719102
718966
719166
718946
719046
718926
719262
719086
719378
719102
719322
