683499
2255464
2255700
2255994
2255940
2255500
2257063
2260696
2259995
2260616
2259978
2260239
2260066
2259656
2259951
2260462
2260464
2259774
2259399
2260410
2260010
2259656
2259328
2259555
2260394
2260252
2260118
2260750
2260674
2260614
2261184
2260052
2260542
2260170
2260244
2261157
2260283
2261278
2260959
2261284
2262035
2261994
2261499
2260678
2259614
2260048
2260312
2259633
2260410
2260120
2260650
2260232
2260158
2259970
2259934
2258222
2259474
2260064
2259542
2260136
2259079
2259423
2259687
2260620
2260984
2260214
2259892
2259577
2260770
2260038
2259863
2259819
2260126
2260328
2259928
2260390
2260098
2260206
2259978
2260764
2259862
2260504
2260578
2260397
2260813
2259854
2260250
2261410
2260731
2259660
2260235
2261275
2260934
2261188
2260934
2261490
2261273
2260668
2260936
2261508
