758513
3238466
3239710
3237731
3239207
3245286
3244681
3245473
3246157
3246276
3245551
3247018
3246867
3246718
3246038
3245468
3247038
3248155
3247158
3244962
3243765
3245464
3244879
3244638
3244110
3244768
3245989
3244763
3244755
3245104
3245933
3245191
3245980
3245809
3244095
3244882
3244918
3244972
3244310
3243805
3244806
3243944
3244730
3244578
3244906
3243966
3245533
3244998
3244109
3245705
3245310
3245526
3245126
3244434
3243615
3243572
3243782
3243354
3244806
3244308
3244558
3244981
3245773
3245880
3246031
3246737
3246272
3247767
3247919
3247375
3247167
3247045
3246866
3247438
3247172
3248561
3247064
3248095
3246539
3246846
3246530
3246413
3245130
3246197
3246200
3245277
3244666
3245918
3246273
3246836
3246504
3245059
3245329
3244554
3243474
3245103
3244847
3244085
3243577
3244247
