1030544
2261193
2260707
2261163
2262119
2261865
2263989
2266247
2266353
2267357
2267730
2267827
2267520
2266681
2266867
2266974
2266579
2267371
2267262
2267981
2267139
2266636
2266810
2267123
2267547
2267720
2267604
2267287
2267389
2266904
2267098
2266522
2266657
2267123
2266589
2267343
2267511
2267189
2267894
2266230
2267439
2267983
2268271
2268374
2267660
2267263
2266713
2267028
2266977
2266896
2267114
2267590
2268119
2267123
2266565
2267386
2267122
2267173
2266231
2266732
2267288
2267188
2266402
2267473
2268459
2268162
2267050
2267255
2266994
2267578
2268012
2267309
2267170
2267231
2267475
2267499
2267450
2267802
2266651
2266793
2267005
2267795
2267270
2266508
2265899
2266550
2265797
2267201
2267595
2267069
2267161
2267581
2268070
2268764
2269266
2269712
2269390
2269091
2269132
2268535
