739515
2484461
2484280
2482908
2484398
2484823
2491964
2491052
2490238
2490826
2491090
2491149
2491556
2491092
2490943
2491489
2492623
2492863
2492608
2492613
2492359
2490739
2491503
2491974
2492564
2491129
2492126
2492182
2491406
2491673
2492377
2492156
2492813
2490710
2492622
2491626
2491339
2490520
2491481
2491044
2490655
2490949
2491732
2491395
2490562
2491905
2490991
2492094
2492986
2492656
2491505
2491012
2490777
2490927
2490862
2491714
2491357
2490668
2490397
2492386
2491928
2491500
2491201
2491367
2491632
2491378
2491165
2491006
2490965
2492019
2490270
2490037
2491249
2491293
2491597
2491971
2491439
2491889
2491386
2491398
2491637
2492725
2492269
2493044
2491852
2492148
2491732
2491262
2491291
2490770
2491304
2491218
2491307
2491078
2492445
2491157
2491431
2491702
2491327
2491691
