1155130
3278377
3278672
3278325
3282285
3221679
3285699
3224079
3223637
3221616
3222051
3223239
3222399
3223233
3222859
3223956
3224245
3223443
3222445
3222983
3223763
3224287
3223395
3223631
3223869
3223603
3223983
3222687
3285338
3224219
3223680
3223325
3223643
3221743
3222587
3224391
3222039
3221863
3222871
3224409
3223405
3222417
3285678
3223343
3222560
3224153
3224051
3224229
3223775
3223171
3222637
3222050
3222383
3221463
3284606
3222029
3222505
3221901
3283764
3222009
3222894
3221451
3285278
3222529
3221715
3283146
3221135
3284873
3222468
3222128
3222031
3224147
3222843
3223744
3223356
3223829
3224163
3223362
3223477
3224203
3224294
3222780
3221953
3222047
3284282
3223391
3222599
3222031
3222073
3221699
3221796
3222924
3224273
3224110
3222760
3222319
3222075
3285435
3224455
3223911
