692850
1517285
1518429
1518349
1518245
1518325
1518605
1518725
1518593
1518653
1523333
1521205
1521593
1521301
1521517
1521609
1521925
1521441
1521173
1521441
1521221
1521229
1521629
1521601
1521201
1521125
1521365
1522061
1521721
1521305
1521573
1521765
1521681
1521477
1521169
1521385
1521881
1521565
1521609
1522101
1522337
1521629
1521681
1521493
1521861
1522125
1521405
1521501
1521821
1521789
1522157
1522269
1522173
1522529
1522549
1522209
1522449
1522533
1522289
1522909
1522901
1522357
1521837
1521341
1521749
1522053
1522233
1521837
1522285
1522017
1521909
1522325
1522301
1521957
1522245
1522313
1522257
1522025
1522157
1522853
1522425
1522105
1522193
1522413
1522073
1522341
1523317
1522145
1522413
1521205
1521645
1521797
1521785
1521873
1521581
1521601
1521817
1521677
1522309
1522029
