493523
2989924
2989086
2989395
2988563
2996488
2995946
2996561
2996192
2995909
2995670
2997955
2996628
2996403
2996912
2996655
2996660
2996404
2996075
2995618
2996118
2996823
2997194
2996672
2996145
2996743
2998176
2998064
2998298
2998067
2997637
2996584
2996391
2996633
2996949
2996960
2996640
2996054
2996819
2996710
2998132
2997330
2996477
2996158
2995937
2996843
2997237
2997872
2997501
2996650
2997229
2997896
2997827
2997803
2997056
2997209
2997253
2997218
2998675
2997636
2997626
2998265
2997732
2996159
2996570
2996134
2996719
2996303
2996438
2996780
2996747
2997492
2996425
2996091
2996486
2995906
2997004
2996468
2996301
2997301
2997284
2996895
2996440
2995808
2995421
2994628
2996005
2995041
2995756
2997247
2996951
2995927
2994608
2996398
2996661
2996059
2995988
2995825
2996586
2996923
