994570
1215170
1215250
1215258
1215126
1215070
1214942
1215322
1215526
1215458
1215094
1215278
1217574
1218726
1218190
1218166
1218362
1218198
1218190
1217922
1217654
1217694
1217534
1217618
1217630
1217606
1217382
1217618
1217698
1217878
1217858
1217830
1217694
1216938
1217118
1217746
1217350
1217666
1217694
1217746
1217810
1217970
1217830
1218122
1218202
1218170
1217930
1217858
1217950
1218554
1218362
1218110
1218146
1217986
1217506
1217714
1217898
1217886
1218030
1217814
1217986
1217878
1217534
1217738
1217666
1217662
1217050
1216878
1217138
1217554
1217658
1217158
1217486
1217394
1217458
1217422
1217354
1217686
1217438
1217374
1217554
1217294
1217434
1217530
1217606
1217254
1217010
1217042
1217306
1217262
1217250
1217678
1217782
1217382
1217626
1217814
1216986
1217114
1217434
1217478
