966795
2249852
2249990
2250021
2250301
2251191
2254310
2256214
2256331
2256184
2256287
2256182
2256141
2256785
2256297
2255514
2256488
2256285
2256323
2255010
2256123
2256009
2255345
2255929
2255957
2255366
2256080
2256106
2256102
2255769
2255213
2255119
2255466
2256201
2256676
2255992
2256067
2256895
2256460
2256298
2257148
2256711
2256652
2256212
2255851
2256070
2256250
2257157
2256468
2257071
2256172
2256059
2255860
2255899
2256065
2255945
2256216
2256828
2257172
2256962
2257051
2256357
2256485
2256477
2255638
2255967
2255127
2256235
2256267
2256201
2255548
2255529
2255732
2256260
2256339
2256472
2255134
2255654
2255673
2256280
2256147
2255268
2254612
2255557
2256273
2256011
2256865
2257220
2256785
2256833
2256522
2256383
2256022
2255800
2255151
2254838
2254888
2254914
2255699
2256385
