726532
2744384
2742740
2742514
2743598
2747202
2749243
2749672
2749776
2749759
2749752
2749799
2748613
2749128
2749199
2749778
2749856
2749847
2749385
2750120
2750171
2749587
2749395
2748827
2748667
2748502
2748559
2748540
2747671
2747984
2749222
2748602
2748723
2748192
2748171
2749530
2749194
2749364
2749099
2749302
2748912
2749072
2749100
2749431
2749280
2749030
2749659
2749481
2750447
2750545
2750580
2749937
2749733
2749384
2750005
2748905
2748280
2748759
2748294
2749540
2748838
2749583
2749702
2750127
2749562
2750424
2749583
2749188
2748951
2748131
2748055
2747496
2747305
2747508
2747386
2747995
2748404
2748318
2749160
2748941
2749958
2749496
2748225
2748917
2749450
2749414
2749091
2748778
2749207
2749260
2748367
2747965
2748270
2748733
2749222
2748483
2748215
2747889
2747259
2748871
