54637
59857
59869
59889
59857
59873
59877
59877
59865
59845
59865
59853
59857
59865
59853
54801
59865
59857
59877
59901
59901
59893
59893
59877
59881
59885
59889
59897
59905
59893
59901
59897
59893
59901
59905
59905
59893
59877
59881
59901
59889
59885
59901
59901
59925
59929
59929
59941
59937
59933
59925
59905
59913
59917
59905
59897
59901
59913
59921
59897
59905
59913
59905
59929
59925
59921
59917
59897
59909
59921
59929
59929
59893
59881
59861
59877
59857
59861
59865
59865
59877
59881
59889
59861
59877
59881
59889
59905
59909
59905
59901
59917
59901
59889
59901
59901
59913
59893
59893
59929
