1095197
2495752
2494774
2495265
2495806
2495638
2501223
2502114
2501786
2501014
2501271
2501294
2501162
2501658
2501137
2502246
2502550
2501858
2500507
2500838
2501095
2501131
2501079
2501220
2501146
2500900
2499911
2500822
2501301
2501293
2500934
2500410
2501791
2500394
2501353
2500432
2501110
2500528
2500247
2500237
2500355
2500423
2499673
2500955
2501499
2501061
2500183
2500773
2500844
2502067
2501202
2501192
2501302
2501084
2501000
2500527
2500778
2501471
2501439
2500897
2501934
2501015
2501307
2501324
2501288
2501575
2502286
2502070
2501003
2501592
2500778
2500166
2501052
2500340
2499882
2500619
2500782
2501332
2501438
2501295
2501223
2501722
2500814
2501018
2501079
2501049
2501502
2501268
2501306
2501758
2502294
2502880
2502326
2502110
2502382
2502512
2502578
2502034
2500857
2501842
