992651
2994222
2994764
2993503
2993574
3001642
3000591
3001039
3000915
2999769
3000300
3000423
3000935
3000228
2999741
3000930
3001580
3000803
3001157
3000626
3000538
2999394
2999757
3001423
3000873
3000604
2999248
3000265
3000699
3000492
3000438
3000742
3001451
3001758
3000525
3000780
3002233
3001354
2999894
3000409
3001189
2999989
3000373
3000236
2999741
2999766
3000998
3001722
3002320
3001721
3000495
3000708
3000424
3000992
3000871
2999199
3000408
3000373
3000827
3000827
2998891
2999410
3000277
3000795
3000062
2999884
3000408
3001101
3000224
2999960
2999872
2999739
2999630
3000022
2999963
3000567
3000231
3000305
3001209
3001657
3001724
3001070
3000121
2999997
3000890
3000418
3000718
3000119
3000672
2999915
3000278
3000884
3000647
3000888
3000198
3000274
3000955
3000614
2999790
2999967
