623808
3751607
3752325
3752534
3761810
3760926
3759911
3761018
3760398
3759719
3759252
3759137
3759404
3758903
3758629
3758997
3759737
3760318
3760793
3759076
3760474
3760458
3760200
3758381
3759207
3759665
3759380
3760500
3759870
3758475
3757062
3756778
3757852
3758108
3758358
3758580
3757639
3757779
3755917
3756348
3756207
3756281
3757078
3757445
3758851
3758391
3758735
3758149
3758026
3759070
3759092
3757434
3757933
3757888
3757785
3757639
3756723
3756191
3756502
3757046
3759208
3758482
3758374
3757777
3758900
3759638
3760604
3759226
3757265
3755720
3755743
3757304
3757888
3758131
3757675
3758070
3757640
3758548
3757907
3757373
3758343
3757282
3757931
3756868
3758551
3759281
3758183
3758481
3757963
3758466
3758766
3758648
3757984
3757134
3756576
3757918
3759683
3758227
3758947
3759174
