54805
61873
61885
61885
61869
61889
61865
61877
61897
61873
61865
61841
61861
61833
61841
61865
61845
44620
61833
61821
61825
61845
61817
61841
61853
61845
61825
61813
61813
61825
61837
61829
61845
61837
61829
61833
61837
61821
61841
61829
61829
61813
61829
61833
61837
61829
61833
61809
61821
61821
61801
61821
61833
61837
61825
61817
61817
61809
61817
61853
61841
61849
61841
61857
61865
61849
61857
61881
61885
61881
61877
61869
61873
61869
61865
61881
61873
61873
61869
61853
61861
61861
61853
61873
61873
61925
61877
61865
61869
61869
61869
61853
61877
61897
61877
61861
61877
61897
61889
61881
