620600
1018542
1018666
1018390
1018586
1018506
1018390
1018118
1018130
1018238
1018406
1018334
1018386
1018494
1018498
1021975
1020758
1020918
1020774
1020758
1020910
1020906
1020450
1020618
1020602
1020626
1020634
1020514
1020774
1020078
1020590
1021118
1021158
1020750
1020838
1020306
1020522
1020454
1020370
1020406
1020558
1020778
1020438
1020142
1020394
1020506
1020146
1020530
1020898
1020686
1020554
1020490
1020454
1020678
1020750
1020738
1020838
1021106
1020994
1020886
1020754
1020426
1020338
1020282
1020178
1020518
1020550
1020534
1020426
1020082
1020034
1020574
1020830
1020750
1020850
1020750
1020990
1020390
1020754
1020670
1020498
1020714
1020966
1020894
1021006
1020562
1020682
1020794
1020990
1021258
1020986
1020938
1020774
1020414
1020678
1020726
1021042
1021254
1020994
1020798
