746622
79150
737458
737398
737506
737690
737826
737958
737938
737950
737798
737694
737714
737394
737530
737850
737706
737410
737610
737378
737410
740110
738910
738990
739118
739418
739450
739326
739286
738910
739038
739138
739002
739002
738962
738914
739082
739198
739222
739026
739014
738918
739142
738926
738930
739130
738954
738834
738950
739142
738914
738962
739198
739110
739398
739382
739322
739474
739286
739178
739378
739610
739442
739242
739082
739062
739286
739150
739034
739062
739166
739158
739026
738934
738870
738774
738622
738566
738750
738846
738854
739242
739230
738966
738982
738970
739094
739322
738826
738750
739026
739146
738998
739022
738998
738922
739078
739294
739142
739058
