495040
114793
482714
482926
482742
482634
482626
482602
482490
482578
482562
482386
482438
482550
482634
482562
482702
482738
482710
482678
482654
482666
482650
482718
482798
482734
482822
482758
482558
482510
482526
484114
483838
483906
483858
483706
483738
483766
483766
483962
483938
483986
483770
483790
483846
483834
483854
483914
483890
483874
483814
483650
483694
483718
483698
483674
483594
483546
483642
483614
483718
483642
483630
483558
483522
483474
483602
483578
483502
483466
483634
483410
483450
483574
483674
483658
483898
483782
483710
483746
483782
483746
483734
483726
483762
483706
483670
483730
483714
483786
483702
483670
483606
483758
483874
483814
483934
483882
483690
483658
