915563
1718098
1717202
1717210
1716654
1716666
1716526
1716846
1717314
1721642
1720962
1720842
1721366
1721426
1721094
1721138
1720514
1720998
1721686
1721450
1720882
1721510
1720554
1721490
1721058
1721194
1721142
1721234
1720730
1721074
1721606
1721710
1722330
1722098
1721538
1721050
1720730
1720530
1720526
1720762
1721718
1721890
1721534
1721778
1721718
1720798
1721470
1721194
1720974
1721278
1720994
1720834
1721570
1721066
1720926
1721638
1722070
1721882
1721326
1721594
1721918
1721606
1721454
1721554
1721270
1720058
1719946
1721110
1720570
1720594
1720622
1721090
1721318
1721342
1721946
1720642
1721042
1721330
1721438
1721146
1722010
1722138
1721078
1720506
1720658
1720814
1721130
1721034
1721530
1721914
1721158
1721102
1721866
1721906
1721494
1721666
1721614
1721634
1721658
1720622
