649429
3747023
3746175
3746693
3757286
3755012
3756502
3754393
3754815
3754509
3755758
3755332
3756310
3757142
3756226
3756040
3757027
3755980
3756318
3757264
3756170
3756610
3756921
3756871
3756839
3756373
3756306
3757141
3757559
3756314
3754756
3755598
3755893
3756850
3756151
3754356
3755384
3756419
3756258
3754234
3754450
3755803
3756521
3756882
3757078
3756506
3756353
3756547
3757371
3755369
3756433
3755462
3754755
3756611
3755480
3756327
3755984
3755201
3755734
3757681
3757434
3757618
3756844
3757776
3758024
3757148
3755798
3756002
3756630
3755832
3756936
3758271
3758040
3757946
3758236
3759047
3758840
3758157
3757147
3756836
3756896
3756794
3755943
3756679
3755599
3756469
3758070
3755415
3754503
3755920
3756119
3756997
3756718
3754216
3756024
3756332
3756438
3756109
3756097
3756855
