245014
239670
7642
239630
239638
239662
239642
239674
239690
239750
239730
239722
239714
239706
239706
239718
239706
239726
239702
239714
239614
239678
239750
239650
239658
239642
239742
239842
239766
239774
239650
239690
239654
239742
239790
239766
239690
239678
239662
239690
239694
239786
239726
239738
239778
239754
239722
239642
239738
239618
239606
239634
239706
239766
239814
239786
239802
239718
239770
239666
239690
239690
239674
241006
240290
240274
240314
240306
240266
240258
240250
240218
240162
240110
240166
240218
240186
240218
240258
240302
240154
240162
240206
240218
240234
240198
240246
240190
240294
240302
240346
240278
240250
240238
240426
240486
240414
240366
240334
240302
