878275
3766217
3767441
3766852
3775570
3775391
3774848
3776650
3775988
3776319
3775264
3775164
3774810
3773370
3773538
3773509
3775007
3773480
3776118
3775228
3775672
3775034
3776194
3776196
3775040
3773818
3774775
3774922
3774112
3772957
3773910
3773597
3775547
3775080
3775041
3775996
3776013
3777159
3776878
3774643
3773691
3775648
3776360
3775593
3775946
3775025
3775424
3775561
3775850
3775967
3774210
3774700
3775848
3774500
3777522
3776767
3776572
3776060
3776428
3775336
3775138
3774620
3775067
3775297
3776584
3775860
3774464
3775277
3775163
3775053
3776047
3777750
3776096
3776432
3776782
3777103
3777073
3775897
3774820
3775786
3775196
3776110
3775478
3774796
3776970
3775128
3775006
3775474
3776342
3776247
3775281
3775149
3776194
3777748
3777137
3776862
3776988
3776573
3775404
3776040
