547310
1497011
1497570
1497967
1497502
1497650
1498080
1498177
1497840
1497555
1501611
1501575
1501225
1501093
1500917
1501092
1500626
1500788
1500706
1500632
1500824
1501138
1500666
1500840
1500645
1500494
1500936
1500963
1500469
1501586
1501355
1501070
1500337
1501067
1501146
1501044
1500137
1500100
1500430
1500679
1500903
1500900
1501047
1501205
1501108
1500704
1500355
1500527
1501646
1501971
1501414
1500412
1501287
1501380
1501158
1500978
1501320
1501811
1501156
1500982
1501022
1500871
1500478
1501094
1501015
1501457
1501517
1501872
1501379
1501604
1501247
1501303
1501647
1501049
1500628
1501531
1500979
1500876
1501067
1501008
1501031
1501072
1501031
1500778
1501051
1500684
1500829
1500978
1501131
1500597
1501044
1500572
1501248
1500864
1501082
1501607
1501516
1501520
1501234
1501621
