56507
60946
60946
60926
60926
60910
60910
60918
60926
60930
60914
60918
60950
60918
60890
60918
46830
60922
60922
60922
60914
60918
60926
60934
60918
60910
60906
60910
60910
60898
60914
60954
60922
60930
60926
60950
60938
60910
60934
60950
60950
60930
60902
60922
60934
60950
60962
60974
60974
60974
60970
60966
60950
60954
60946
60942
60954
60954
60958
60974
60958
60966
60958
60958
60970
60970
60958
60962
60966
60954
60954
60946
60954
60954
60946
60954
60974
60978
60966
60962
60962
60982
60978
60990
61002
61010
60986
61038
60998
60990
60978
60978
60958
60962
60958
60962
60978
60978
60994
60994
