1132629
2776386
2777227
2777204
2778384
2780747
2783910
2782942
2782873
2783147
2783454
2782463
2783032
2783514
2782787
2782307
2783325
2782471
2782491
2781931
2782252
2782279
2782726
2781331
2781420
2782619
2781959
2782983
2781651
2781795
2781156
2782229
2783117
2782879
2782683
2783399
2783830
2783411
2782635
2782339
2782185
2781927
2781807
2782299
2782447
2781555
2781279
2781512
2781840
2782559
2782463
2781667
2781348
2780922
2781988
2782015
2782493
2781858
2781363
2781755
2782017
2781561
2781076
2781444
2782876
2782618
2783131
2782492
2782523
2783137
2783423
2781933
2782060
2781559
2781743
2781792
2782903
2782565
2782025
2781268
2781563
2782439
2781887
2782747
2783376
2782491
2782215
2782399
2781100
2781353
2782527
2781676
2781215
2782291
2781979
2781723
2782241
2782632
2782525
2782428
