421763
2005211
2005174
2004518
2004545
2004246
2005125
2008967
2009574
2009503
2008921
2009169
2009247
2009892
2009736
2010693
2009314
2009821
2010777
2010312
2010146
2010686
2010998
2011471
2011681
2010755
2011418
2011997
2011109
2010666
2011242
2011487
2010488
2010577
2010265
2010976
2010507
2010084
2010628
2010517
2010750
2010430
2010338
2010690
2010999
2010450
2010257
2010558
2010092
2010330
2010609
2010828
2010690
2010351
2010664
2010715
2010363
2010771
2010109
2009958
2009722
2009769
2010438
2010751
2011117
2011490
2011264
2010684
2010200
2009691
2010150
2009963
2010000
2009404
2009828
2010736
2010309
2010357
2009543
2009739
2010167
2010037
2009705
2009469
2009533
2009779
2010461
2010130
2010743
2010688
2009315
2009932
2010419
2009960
2009809
2009689
2009382
2010385
2010339
2010273
