56579
60326
60314
60306
60330
60330
60338
60326
60318
60310
60350
60358
60346
60326
51916
60314
60310
60306
60306
60290
60306
60318
60318
60326
60306
60298
60310
60330
60306
60310
60326
60326
60314
60314
60322
60322
60334
60350
60338
60342
60330
60342
60350
60362
60346
60338
60338
60338
60318
60322
60322
60322
60350
60342
60330
60346
60346
60338
60326
60338
60326
60334
60322
60314
60310
60326
60322
60334
60350
60338
60330
60338
60342
60358
60334
60306
60330
60314
60318
60322
60338
60334
60338
60326
60314
60322
60326
60322
60302
60306
60302
60346
60326
60326
60350
60322
60334
60342
60318
60326
