245297
242762
242754
82628
242806
242722
242806
242814
242754
242686
242746
242710
242678
242742
242694
242670
242698
242750
242710
242670
242726
242726
242778
242782
242818
242838
242754
242730
242722
242818
242830
242702
242758
242770
242778
242810
242802
242726
242702
242614
242578
242594
242590
242538
242610
242634
242658
242626
242650
242674
242662
242570
242646
242582
242574
242614
242622
242558
242674
242654
242578
242610
242642
244378
243150
243174
243202
243218
243214
243134
243218
243278
243230
243310
243306
243254
243310
243218
243210
243214
243282
243310
243202
243202
243226
243290
243314
243294
243206
243258
243134
243186
243174
243278
243342
243230
243270
243246
243206
243234
