496122
494046
40060
493898
493866
493914
493742
493738
493742
493830
493942
493850
494014
494074
493894
493942
494018
494058
494030
494070
493966
494078
493866
493718
493858
493958
494030
494034
494090
494222
494206
495682
495326
495274
495202
495314
495290
495182
495170
495202
495298
495338
495238
494982
495182
495178
495166
495354
495370
495310
495258
495082
495326
495574
495418
495458
495494
495566
495486
495462
495566
495418
495490
495382
495310
495298
495210
495110
495298
495074
495142
495178
495090
495086
495050
495222
495170
495118
495050
495162
495082
495038
494946
494982
495234
495162
494886
494910
494878
494942
494814
494906
495022
495234
495378
495386
495318
495246
495282
495270
