575773
3508351
3508128
3507246
3514032
3517234
3515703
3514280
3514518
3516121
3515969
3516023
3515399
3515676
3516013
3515805
3515456
3514447
3514944
3514662
3515343
3514861
3516030
3516727
3514994
3515693
3514413
3515572
3516682
3516364
3515480
3515240
3514800
3515264
3516577
3515646
3516346
3514966
3516281
3516312
3515414
3515343
3515844
3514728
3515166
3516277
3515558
3517446
3515254
3514945
3514008
3514680
3516260
3516590
3516004
3516214
3514680
3515205
3515668
3515621
3518048
3517782
3515850
3516469
3517044
3517858
3517354
3516677
3517060
3518034
3518331
3518359
3518387
3517834
3516439
3517201
3518239
3518170
3517599
3518546
3518398
3518391
3518537
3517951
3516950
3516350
3518736
3518174
3518582
3519774
3518756
3518227
3518394
3518105
3517522
3516899
3517779
3516687
3515772
3516829
