670878
985262
985382
985442
985646
985750
985722
985650
985590
985506
985702
985238
985646
985470
985190
987294
987778
988074
987798
987554
987706
987318
987594
988070
987862
987754
987454
987618
987502
987398
987542
987434
987530
987434
987158
987402
987410
987382
987306
986990
987162
987326
987638
987722
987678
987610
987650
987146
987454
987502
987574
987954
987878
988102
988142
988162
988250
988070
987894
987786
987886
987934
987614
987490
987662
987306
987686
987494
987726
987702
987930
987594
987702
988122
988010
987894
988058
987974
988122
987906
988282
988238
988378
988294
988086
987854
988242
987898
988102
987610
987498
987770
988158
987770
987910
987726
987850
987718
987654
987750
