565182
3267073
3267218
3267518
3270403
3273730
3271753
3272870
3274189
3273751
3274355
3274548
3273993
3273864
3274508
3273602
3274503
3274854
3274454
3275420
3274798
3274181
3274189
3274126
3274553
3274221
3274621
3274884
3274193
3276306
3275111
3274975
3274318
3274722
3274126
3273958
3273488
3273638
3274567
3273755
3274144
3273857
3274171
3274904
3275508
3274847
3274160
3274368
3273695
3273651
3275204
3275378
3276381
3275793
3275885
3276249
3275352
3275614
3275986
3275549
3276111
3275349
3275751
3276217
3275404
3275402
3275121
3275525
3275507
3274487
3273869
3274263
3274559
3274659
3274118
3274109
3273219
3272962
3274098
3272552
3273328
3274487
3275343
3275465
3274689
3273976
3274124
3274558
3274167
3273701
3273949
3274396
3275204
3275179
3274520
3275032
3274392
3274760
3275365
3275083
