55557
58506
58518
58506
58526
58526
58514
58522
29545
58490
58526
58546
58530
58518
58538
58538
58518
58510
58510
58510
58538
58534
58522
58522
58530
58526
58534
58542
58526
58534
58510
58530
58530
58530
58506
58542
58522
58522
58538
58526
58534
58522
58534
58518
58522
58502
58502
58514
58510
58522
58506
58526
58510
58522
58542
58554
58546
58538
58542
58534
58542
58550
58526
58534
58542
58530
58558
58546
58546
58558
58570
58566
58550
58558
58550
58542
58558
58566
58582
58578
58566
58550
58546
58554
58550
58542
58554
58558
58550
58554
58538
58534
58518
58522
58522
58550
58542
58546
58554
58530
