244612
247222
247222
247314
181716
247250
247214
247190
247314
247310
247310
247370
247410
247478
247482
247406
247390
247354
247398
247294
247302
247350
247374
247282
247246
247302
247310
247270
247358
247422
247370
247330
247406
247358
247362
247354
247390
247410
247426
247478
247442
247426
247438
247438
247426
247378
247334
247378
247358
247334
247266
247354
247226
247326
247334
247294
247290
247310
247326
247314
247294
247170
247246
248494
247846
247830
247962
247954
247846
247794
247762
247834
247818
247782
247822
247818
247742
247750
247882
247842
247774
247814
247882
247858
247770
247794
247738
247782
247710
247746
247830
247834
247774
247818
247802
247882
247882
247918
247998
247874
