1167007
3243089
3243009
3243435
3246011
3251242
3250925
3251860
3251592
3252830
3252865
3253873
3252947
3253422
3252994
3252474
3253044
3253224
3252250
3252175
3251578
3252954
3252869
3252548
3252580
3253348
3253632
3253012
3253410
3253122
3251712
3252885
3253120
3253209
3253265
3251976
3253144
3251695
3252875
3252416
3252142
3251626
3252301
3252445
3251134
3251210
3251092
3251358
3251647
3250569
3251087
3252198
3251933
3251755
3252338
3252933
3252901
3252031
3251297
3251065
3251931
3252299
3251590
3252732
3253999
3252475
3251660
3253110
3253781
3253383
3251982
3252269
3252814
3252098
3251591
3252740
3251375
3252247
3251548
3251759
3251432
3251963
3250966
3250962
3251005
3249309
3251376
3250507
3250224
3250886
3250207
3251125
3251370
3250795
3250056
3250663
3248917
3249761
3249547
3249637
