747562
483205
730782
730742
730698
730550
730738
730690
730814
730962
730966
730902
730854
730866
730630
730738
730782
730658
730718
730842
731054
733590
732590
732534
732690
732578
732558
732434
732674
732614
732746
732778
732726
732838
732574
732794
732734
732426
732578
732490
732270
732498
732698
732686
732894
732926
732786
732750
732734
732766
732518
732566
732758
732766
732718
732542
732542
732678
732714
732814
732638
732590
732554
732498
732498
732798
732530
732494
732402
732418
732582
732642
732670
732830
732810
732874
732722
733130
733062
732994
732770
732538
732430
732922
732834
732766
732738
732806
732770
732546
732826
732810
733034
732634
732658
732746
732866
732718
732490
732558
