929870
1994648
1993471
1993117
1994108
1994268
1993337
1996449
1998373
1998351
1998451
1997787
1998387
1998495
1998591
1998375
1998567
1998535
1998537
1998301
1998168
1999027
1998771
1998327
1998589
1998232
1997867
1998435
1998787
1998573
1997939
1998549
1998597
1997751
1997241
1997193
1996698
1997331
1996699
1996911
1996792
1996421
1996416
1996828
1997030
1997811
1997347
1997123
1997065
1997027
1997289
1996669
1996720
1996943
1996360
1996774
1996367
1996939
1997687
1997121
1997665
1997087
1997023
1997341
1996941
1996899
1996675
1996371
1996375
1997179
1997083
1997021
1997027
1996859
1997440
1996831
1996663
1996779
1996033
1996736
1996891
1997424
1997127
1996763
1997171
1996827
1997355
1997485
1997611
1997841
1997785
1997697
1997937
1998183
1997807
1998079
1997751
1997243
1996971
1997413
