1288801
3507944
3508088
3509216
3513848
3517092
3517688
3518120
3516205
3515809
3514924
3515845
3516581
3516952
3516384
3515768
3515104
3515551
3517588
3516016
3516326
3515246
3515239
3517233
3516205
3514680
3515986
3517484
3516365
3516114
3515314
3515940
3514832
3515473
3515651
3515346
3517706
3517646
3518018
3516414
3516429
3517026
3516784
3515617
3516840
3516380
3516265
3518308
3517992
3517381
3517399
3517921
3516989
3517845
3518987
3518507
3518559
3518139
3519379
3519026
3518597
3518480
3518677
3517830
3517055
3517068
3517717
3516101
3516900
3516094
3516276
3516148
3515801
3516507
3517596
3519764
3518099
3518296
3517293
3517501
3517068
3517411
3516936
3517784
3517374
3516573
3517337
3517972
3516753
3516612
3517149
3517641
3518260
3519589
3517711
3517583
3517442
3517297
3518309
3517971
