786830
2975135
2973867
2973690
2974098
2980753
2981725
2981762
2981332
2981434
2981574
2982790
2980827
2980972
2981748
2982214
2982386
2981731
2982292
2981445
2981377
2980183
2981070
2980355
2981040
2981239
2980933
2980212
2981761
2980943
2980192
2979779
2979245
2979763
2979642
2979351
2980220
2979814
2980267
2980320
2979890
2980293
2979863
2979711
2980417
2979858
2979710
2980473
2981911
2980240
2980898
2980499
2980053
2980470
2980531
2979866
2979462
2980025
2979404
2979005
2980374
2980984
2981225
2981846
2981151
2982094
2981830
2980985
2982054
2981379
2981538
2981568
2981428
2982484
2981114
2980498
2980904
2980623
2979930
2980346
2980733
2981927
2981792
2981723
2981811
2979238
2979906
2979818
2980541
2980777
2980956
2980398
2980243
2980454
2980343
2980472
2981026
2981821
2981498
2980022
