495430
493794
103990
493858
493946
494094
493950
494098
494078
494126
493962
493930
493926
493850
493838
493914
494042
494082
494014
493906
493882
494094
494170
494038
493962
494078
494274
494246
494138
494218
493950
495402
495154
495246
495082
495226
495070
494926
495038
494926
494854
494866
494810
494678
494902
495070
495146
495166
494986
494934
494938
495122
495166
495038
495062
494958
495070
495130
494790
494734
494974
495022
495102
495014
494950
495090
494874
494826
494742
494710
494734
494782
494746
494818
494918
494738
494870
494926
494810
494886
495066
494986
494974
495050
495094
495138
494946
494862
494858
494914
494974
494982
495102
494882
495026
494782
494910
495126
494954
495006
