736492
1229950
1229442
1229854
1229610
1229582
1230062
1230230
1229726
1230050
1230022
1229962
1232250
1233006
1232762
1232758
1232238
1232198
1231990
1232010
1232414
1232842
1232926
1232974
1232646
1232694
1232854
1233018
1232854
1232874
1232818
1232126
1232322
1232374
1232538
1232734
1233058
1232250
1232466
1232322
1232590
1232806
1232702
1233042
1233250
1232626
1232714
1232422
1232270
1232354
1232222
1232266
1232450
1232574
1232266
1231930
1231914
1232794
1232530
1232618
1232558
1232362
1232482
1232834
1233038
1232554
1232306
1232430
1232122
1232302
1232370
1231990
1232058
1232526
1232346
1232374
1231926
1231858
1232582
1232810
1232702
1232678
1232610
1232546
1232142
1232718
1232758
1232706
1232626
1232250
1232210
1232010
1232634
1232466
1232198
1232634
1232790
1232970
1233154
1233066
