410808
4001289
4000185
4003136
4008686
4010256
4009267
4008691
4009375
4008414
4009608
4008367
4008792
4008545
4008292
4007639
4008224
4006992
4007392
4005827
4005913
4007313
4006867
4006458
4006762
4007030
4007190
4007350
4005822
4006444
4007712
4007510
4007792
4007639
4008422
4008157
4006019
4007072
4006525
4008141
4008718
4007751
4006261
4007385
4007203
4007628
4007113
4007307
4008024
4007978
4007430
4008249
4009096
4008244
4006261
4005970
4006816
4008739
4008466
4010271
4009492
4008851
4009990
4008449
4008225
4007914
4007209
4008549
4009428
4010947
4008803
4007880
4007065
4009530
4009127
4008881
4007476
4009304
4007822
4005409
4005232
4005245
4007500
4007577
4006012
4006117
4008024
4007506
4008211
4007223
4007757
4007313
4006747
4006517
4006315
4007394
4007585
4006844
4006394
4006903
