889863
1229786
1230378
1230710
1230598
1230734
1230670
1230686
1230666
1230782
1230638
1230414
1232946
1233398
1233346
1233486
1232626
1232590
1233042
1233062
1233094
1233126
1232930
1233302
1233370
1233094
1232818
1232602
1232474
1232462
1232510
1232962
1232858
1233050
1233334
1232890
1232438
1232634
1232734
1232966
1232830
1232578
1232822
1232630
1233110
1233606
1233778
1233242
1233682
1233406
1233346
1233422
1233198
1232946
1232946
1232954
1232902
1232782
1232330
1232470
1233006
1233290
1233330
1233110
1233090
1233278
1233082
1233102
1233202
1232910
1233302
1233062
1232538
1232794
1232614
1232590
1232810
1232958
1232694
1232350
1233030
1232822
1232854
1232934
1233062
1232938
1233246
1232910
1232990
1233358
1233442
1233314
1233118
1233218
1233442
1232834
1233014
1233166
1232974
1232658
