1069116
3517399
3517573
3517313
3524718
3525915
3525872
3525439
3525348
3525427
3524831
3525770
3525944
3525791
3524943
3525612
3524619
3524269
3526100
3527035
3524927
3525631
3526355
3525467
3526603
3527531
3527535
3526687
3526328
3526579
3526012
3525816
3526131
3526395
3525003
3526199
3526836
3525484
3525228
3526896
3526607
3526812
3526043
3525475
3526066
3525555
3526315
3526287
3526270
3526371
3525687
3526146
3525879
3527430
3526219
3525395
3525028
3525107
3523411
3524298
3523814
3524455
3526056
3527043
3524739
3524920
3524816
3525278
3525275
3525979
3525450
3524595
3524996
3524739
3525403
3525275
3525163
3525543
3526956
3526240
3525364
3526268
3527827
3526580
3525936
3526503
3526387
3525827
3526482
3527907
3527091
3526668
3527191
3524891
3525492
3524612
3523525
3525175
3526620
3526547
