655617
972994
972894
972790
973198
973298
973230
973182
972654
973118
972702
972846
972846
972982
972846
974482
975022
975122
975390
974890
974702
975030
975218
975258
975106
975106
974986
975018
975118
975094
975118
975102
975406
975738
975470
975314
975286
975058
975158
975206
975398
975102
975510
975490
975062
975154
975230
975398
975026
975226
975266
975130
975318
975218
974858
974718
974886
974946
975242
975294
975046
974790
975226
975178
975082
974962
975158
975182
975302
975078
975254
975058
975006
975234
975170
975298
975234
975474
975438
975358
975594
975446
975970
975694
975682
975610
975714
975222
975294
975226
974918
975110
975146
974898
974746
975158
975326
975626
975662
975574
