747138
83535
740059
740151
740191
740303
740259
740323
740379
740743
740583
740387
740423
740759
740711
740391
740311
740419
740403
740511
740591
744071
742395
742575
742523
742183
742019
742067
742055
741959
741935
742079
742127
742235
742075
741899
741935
741855
741947
742063
742219
742143
742203
742015
741959
742007
742411
742483
742439
742323
742307
742411
742123
742279
742243
742147
742099
742107
741923
741907
742087
742087
742255
742059
742071
741887
742155
742163
742127
742063
741943
741915
742187
742303
742223
742339
742091
742203
742231
742207
741851
741683
741467
741559
741679
741547
741711
741651
741815
741843
741847
741811
741859
741887
741847
741731
741939
742023
742207
742291
