552530
1487254
1486715
1486654
1486397
1486924
1486367
1486644
1486472
1486091
1491017
1489867
1490630
1490771
1490108
1489735
1490095
1489941
1490519
1490738
1490737
1490627
1490091
1490233
1490086
1490120
1490839
1490498
1490450
1490529
1490763
1490848
1490246
1490441
1490474
1490876
1490845
1490681
1490651
1490784
1491130
1490400
1490670
1490929
1491039
1490913
1490546
1490172
1490568
1490574
1490383
1490774
1490715
1490727
1491081
1490939
1490632
1490618
1490558
1490232
1490909
1490472
1490394
1490595
1490892
1490826
1490858
1490603
1490974
1490780
1490734
1490520
1490204
1490460
1490648
1490079
1490095
1490116
1490418
1490188
1489929
1490372
1490500
1490962
1490691
1490731
1491049
1490565
1490373
1490910
1490761
1490330
1490311
1490175
1489695
1490380
1490221
1490502
1490001
1490371
