714880
1012814
1012974
1012542
1012186
1012538
1012542
1012174
1012442
1012218
1012298
1012426
1012650
1012514
1012690
1015765
1014450
1014934
1015054
1015290
1015510
1014990
1015310
1014994
1015158
1014962
1015142
1015214
1015370
1015190
1015314
1015362
1015662
1015534
1015486
1015226
1014918
1014782
1015070
1014782
1014670
1015190
1015046
1015114
1014934
1015182
1015474
1015014
1014750
1015558
1014950
1015170
1015402
1015474
1015702
1015470
1015590
1015570
1015762
1015378
1015086
1014814
1014858
1015022
1014970
1015122
1015166
1015058
1014998
1015646
1015042
1015322
1015426
1015334
1015454
1014994
1014938
1015174
1015458
1015734
1015686
1015810
1015694
1015214
1015118
1014870
1014758
1014726
1015102
1014914
1014706
1014726
1015238
1015778
1015318
1014894
1015074
1015350
1015062
1015138
