1189841
2977147
2975941
2975059
2976222
2982323
2983122
2982020
2981074
2981046
2980206
2980378
2980548
2980275
2980659
2980467
2980380
2980967
2980919
2980585
2982321
2981985
2981159
2981028
2981142
2980928
2982134
2981409
2982139
2981422
2981183
2981050
2981890
2981839
2981381
2981483
2981149
2982072
2982197
2982138
2981181
2981504
2981698
2980490
2980448
2982067
2982522
2982024
2982598
2981613
2981418
2981910
2981786
2982270
2981833
2982021
2982032
2983186
2982188
2980618
2981620
2981436
2981507
2981663
2981402
2980852
2980807
2981235
2981294
2981159
2981111
2980844
2979840
2980945
2981185
2981734
2980459
2979478
2980180
2980509
2980963
2980483
2981714
2981798
2980742
2981631
2982082
2982399
2982983
2982337
2981904
2981451
2980732
2981789
2980937
2981378
2979699
2979753
2979858
2979632
