495116
358928
487725
487577
487593
487537
487701
487609
487693
487853
487589
487749
487721
487709
487733
487781
488109
487761
487965
487945
488021
488049
488009
488041
487829
487897
487749
487957
488041
487985
487833
489925
488981
488789
488893
488705
488885
488941
489045
489029
489061
488833
488857
488717
488681
488845
488749
488541
488509
488613
488813
488765
488717
488793
488981
488929
489025
488997
488917
488753
488921
488973
488849
488861
488869
488725
488805
488933
488805
488853
488973
489173
489093
489225
489413
489325
489241
489093
489029
489017
489057
489245
489053
488945
489037
489213
489281
489225
489069
489069
489165
489225
489161
489129
488945
488889
489001
488985
489105
488897
