997012
63014
971863
971967
972099
971875
972119
972211
972803
972227
972107
972463
972711
972663
972687
974139
974483
974427
974359
974375
974479
974287
974271
974415
974415
974323
974515
974971
974659
974099
974239
974291
974043
974055
974171
974203
974079
974383
974395
974175
974103
974111
974199
974595
974387
974079
974451
974419
974515
974319
974207
974263
974059
974067
974199
974327
974247
974187
974191
974215
974567
974319
974887
974783
974899
974843
974375
974415
974735
974423
974271
974499
974535
974343
974591
974715
974699
974855
974619
974647
974651
974567
974735
974291
974443
974187
974211
974075
973935
974515
974547
974183
974211
974171
973931
973543
973551
974315
974047
974071
