737640
712690
712642
712946
712846
712810
712614
712770
712606
712762
712974
712882
712806
712786
712678
712654
712890
712786
712810
712658
712778
715142
714530
714590
714738
715018
714830
714858
714474
714398
714342
714442
714534
714846
714454
714382
714462
714478
714334
714470
714494
714650
714330
714518
714382
714478
714726
714598
714794
714562
714462
714474
714450
714522
714938
714658
714562
714406
714582
714478
714446
714338
714306
714282
714338
714250
714054
714382
714374
714266
714318
714522
714738
714582
714570
714366
713950
714062
713862
713894
713754
713738
713850
714010
714010
713970
714010
713878
713982
714266
714210
713846
713782
713906
713674
713990
714150
714122
714054
714038
