534036
2979511
2979640
2979894
2980695
2987699
2987123
2987790
2988067
2987847
2986563
2986383
2987179
2986510
2986590
2986379
2986498
2987486
2987398
2988610
2987758
2986494
2986527
2987866
2987867
2986847
2987175
2986738
2986222
2985891
2986251
2986975
2987314
2988259
2987378
2987794
2987079
2986915
2988035
2987802
2987618
2987583
2988694
2988395
2988862
2988538
2988010
2988255
2988138
2987411
2988238
2988366
2988894
2987783
2987470
2987551
2987138
2986851
2986839
2986518
2985662
2985902
2985838
2986527
2987026
2986118
2985647
2986659
2986658
2987227
2988459
2987406
2987411
2985798
2986459
2987462
2986611
2986771
2986734
2985514
2986282
2986511
2985535
2986030
2986375
2986263
2986331
2987151
2986334
2986490
2987151
2985967
2987010
2987075
2986194
2985546
2985446
2984870
2984758
2986487
