1181982
2260861
2259923
2259911
2259864
2260703
2262190
2266150
2266726
2266640
2265985
2266914
2266766
2265691
2265561
2265841
2265742
2265637
2266059
2266035
2266075
2266075
2265402
2264994
2264510
2264480
2264906
2265450
2265974
2266963
2266272
2266306
2266848
2266490
2266103
2265915
2265614
2264822
2264808
2264027
2264541
2264067
2265054
2265527
2265401
2264930
2265179
2265246
2266038
2265754
2265255
2265181
2265293
2265214
2264639
2264691
2264865
2265048
2265218
2265237
2266166
2266194
2265142
2264622
2264962
2265822
2265488
2265498
2265493
2265766
2267024
2266130
2265406
2265471
2265756
2265778
2266351
2264733
2266194
2265922
2265561
2265715
2265752
2265118
2265780
2266071
2266451
2266008
2266085
2265938
2266979
2266753
2266853
2266436
2265695
2265379
2265507
2265306
2265434
2265118
