243521
243832
243932
244052
27572
243968
243988
243880
243900
243876
243928
244024
244060
244108
244056
243996
244000
243968
244048
244024
244028
244016
243948
243964
244000
244120
244084
244080
243972
244044
244008
243972
244044
243992
243972
243972
243936
243920
243984
244012
243972
243988
244044
243992
243984
243912
243936
244044
243984
243848
243856
243848
243948
243980
243884
243884
243932
243992
243956
244024
244000
244052
244032
245668
244596
244560
244480
244476
244412
244436
244436
244348
244352
244412
244368
244316
244416
244460
244420
244424
244468
244436
244460
244472
244484
244512
244516
244508
244612
244528
244560
244556
244620
244636
244532
244588
244624
244464
244616
244588
