996204
155625
982310
982138
982246
982518
982642
982326
982510
982610
982522
982718
982798
982342
982554
983822
984658
984742
984746
984738
984722
984954
985134
985162
985038
984998
984874
984830
984430
984470
984302
984158
983994
984634
984850
984778
984930
984654
984670
984786
984742
984534
984618
984938
984774
984698
984846
984982
985094
985186
985374
985702
985718
985690
984998
984962
984814
984950
984874
984610
984854
985086
985054
985006
984662
984982
985230
984662
984898
984910
984938
984874
984694
984878
985102
984946
985470
985358
985478
985394
985526
985722
985282
985242
985266
985174
984990
985142
985282
985142
985334
985294
985430
985550
985370
985142
984902
984922
985078
985170
